"MethodName","Patch","Compiled","AllTestsPassed","TotalExecutionTime(ms)","Fitness","FitnessImprovement"
"faulty_programs.FIND_IN_SORTED.faulty_programs.FIND_IN_SORTED.binsearch(int[],int,int,int)","|","true","false","9.781104","5.0","0.0"
"faulty_programs.FIND_IN_SORTED.faulty_programs.FIND_IN_SORTED.binsearch(int[],int,int,int)","| gin.edit.modifynode.SwapExpression quixbugs/faulty_programs/FIND_IN_SORTED.java:29 <-> quixbugs/faulty_programs/FIND_IN_SORTED.java:62 | gin.edit.statement.DeleteStatement quixbugs/faulty_programs/FIND_IN_SORTED.java:78 |","false","false","0.0","0.0","-5.0"
"faulty_programs.FIND_IN_SORTED.faulty_programs.FIND_IN_SORTED.binsearch(int[],int,int,int)","| gin.edit.modifynode.BinaryOperatorReplacement  quixbugs/faulty_programs/FIND_IN_SORTED.java:48 LESS -> GREATER_EQUALS | gin.edit.statement.ReplaceStatement quixbugs/faulty_programs/FIND_IN_SORTED.java:56 -> quixbugs/faulty_programs/FIND_IN_SORTED.java:20 |","false","false","0.0","0.0","-5.0"
"faulty_programs.FIND_IN_SORTED.faulty_programs.FIND_IN_SORTED.binsearch(int[],int,int,int)","| gin.edit.modifynode.SwapExpression quixbugs/faulty_programs/FIND_IN_SORTED.java:29 <-> quixbugs/faulty_programs/FIND_IN_SORTED.java:62 | gin.edit.modifynode.SwapExpression quixbugs/faulty_programs/FIND_IN_SORTED.java:66 <-> quixbugs/faulty_programs/FIND_IN_SORTED.java:81 |","false","false","0.0","0.0","-5.0"
"faulty_programs.FIND_IN_SORTED.faulty_programs.FIND_IN_SORTED.binsearch(int[],int,int,int)","| gin.edit.modifynode.BinaryOperatorReplacement  quixbugs/faulty_programs/FIND_IN_SORTED.java:48 LESS -> GREATER_EQUALS | gin.edit.modifynode.SwapExpression quixbugs/faulty_programs/FIND_IN_SORTED.java:29 <-> quixbugs/faulty_programs/FIND_IN_SORTED.java:62 | gin.edit.statement.SwapStatement quixbugs/faulty_programs/FIND_IN_SORTED.java:27 <-> quixbugs/faulty_programs/FIND_IN_SORTED.java:31 |","false","false","0.0","0.0","-5.0"
"faulty_programs.FIND_IN_SORTED.faulty_programs.FIND_IN_SORTED.binsearch(int[],int,int,int)","| gin.edit.modifynode.BinaryOperatorReplacement  quixbugs/faulty_programs/FIND_IN_SORTED.java:48 LESS -> GREATER_EQUALS | gin.edit.statement.CopyStatement quixbugs/faulty_programs/FIND_IN_SORTED.java:56 -> quixbugs/faulty_programs/FIND_IN_SORTED.java:89:89 |","false","false","0.0","0.0","-5.0"
"faulty_programs.FIND_IN_SORTED.faulty_programs.FIND_IN_SORTED.binsearch(int[],int,int,int)","| gin.edit.modifynode.SwapExpression quixbugs/faulty_programs/FIND_IN_SORTED.java:23 <-> quixbugs/faulty_programs/FIND_IN_SORTED.java:25 | gin.edit.modifynode.SwapExpression quixbugs/faulty_programs/FIND_IN_SORTED.java:70 <-> quixbugs/faulty_programs/FIND_IN_SORTED.java:66 |","true","false","3.092634","4.0","-1.0"
"faulty_programs.FIND_IN_SORTED.faulty_programs.FIND_IN_SORTED.binsearch(int[],int,int,int)","| gin.edit.modifynode.SwapExpression quixbugs/faulty_programs/FIND_IN_SORTED.java:23 <-> quixbugs/faulty_programs/FIND_IN_SORTED.java:25 | gin.edit.statement.DeleteStatement quixbugs/faulty_programs/FIND_IN_SORTED.java:56 |","true","false","0.0","0.0","-5.0"
"faulty_programs.FIND_IN_SORTED.faulty_programs.FIND_IN_SORTED.binsearch(int[],int,int,int)","| gin.edit.modifynode.SwapExpression quixbugs/faulty_programs/FIND_IN_SORTED.java:23 <-> quixbugs/faulty_programs/FIND_IN_SORTED.java:25 | gin.edit.modifynode.BinaryOperatorReplacement  quixbugs/faulty_programs/FIND_IN_SORTED.java:48 LESS -> GREATER_EQUALS | gin.edit.statement.DeleteStatement quixbugs/faulty_programs/FIND_IN_SORTED.java:68 |","false","false","0.0","0.0","-5.0"
"faulty_programs.FIND_IN_SORTED.faulty_programs.FIND_IN_SORTED.binsearch(int[],int,int,int)","| gin.edit.statement.SwapStatement quixbugs/faulty_programs/FIND_IN_SORTED.java:68 <-> quixbugs/faulty_programs/FIND_IN_SORTED.java:57 | gin.edit.statement.DeleteStatement quixbugs/faulty_programs/FIND_IN_SORTED.java:57 |","true","false","2.864802","10.0","5.0"
"faulty_programs.FIND_IN_SORTED.faulty_programs.FIND_IN_SORTED.binsearch(int[],int,int,int)","| gin.edit.statement.SwapStatement quixbugs/faulty_programs/FIND_IN_SORTED.java:57 <-> quixbugs/faulty_programs/FIND_IN_SORTED.java:47 | gin.edit.statement.DeleteStatement quixbugs/faulty_programs/FIND_IN_SORTED.java:68 |","true","false","19.0359","11.0","6.0"
"faulty_programs.FIND_IN_SORTED.faulty_programs.FIND_IN_SORTED.binsearch(int[],int,int,int)","| gin.edit.statement.SwapStatement quixbugs/faulty_programs/FIND_IN_SORTED.java:57 <-> quixbugs/faulty_programs/FIND_IN_SORTED.java:89 |","true","false","20.659424","0.0","-5.0"
"faulty_programs.FIND_IN_SORTED.faulty_programs.FIND_IN_SORTED.binsearch(int[],int,int,int)","| gin.edit.statement.SwapStatement quixbugs/faulty_programs/FIND_IN_SORTED.java:68 <-> quixbugs/faulty_programs/FIND_IN_SORTED.java:57 | gin.edit.statement.DeleteStatement quixbugs/faulty_programs/FIND_IN_SORTED.java:47 |","false","false","0.0","0.0","-5.0"
"faulty_programs.FIND_IN_SORTED.faulty_programs.FIND_IN_SORTED.binsearch(int[],int,int,int)","| gin.edit.statement.CopyStatement quixbugs/faulty_programs/FIND_IN_SORTED.java:21 -> quixbugs/faulty_programs/FIND_IN_SORTED.java:89:89 | gin.edit.modifynode.BinaryOperatorReplacement  quixbugs/faulty_programs/FIND_IN_SORTED.java:39 DIVIDE -> DIVIDE |","true","false","8.892638","5.0","0.0"
"faulty_programs.FIND_IN_SORTED.faulty_programs.FIND_IN_SORTED.binsearch(int[],int,int,int)","| gin.edit.statement.SwapStatement quixbugs/faulty_programs/FIND_IN_SORTED.java:57 <-> quixbugs/faulty_programs/FIND_IN_SORTED.java:47 | gin.edit.modifynode.ReplaceExpression quixbugs/faulty_programs/FIND_IN_SORTED.java:22 -> quixbugs/faulty_programs/FIND_IN_SORTED.java:39 |","false","false","0.0","0.0","-5.0"
"faulty_programs.FIND_IN_SORTED.faulty_programs.FIND_IN_SORTED.binsearch(int[],int,int,int)","| gin.edit.statement.CopyStatement quixbugs/faulty_programs/FIND_IN_SORTED.java:21 -> quixbugs/faulty_programs/FIND_IN_SORTED.java:89:89 | gin.edit.modifynode.ReplaceExpression quixbugs/faulty_programs/FIND_IN_SORTED.java:52 -> quixbugs/faulty_programs/FIND_IN_SORTED.java:70 |","false","false","0.0","0.0","-5.0"
"faulty_programs.FIND_IN_SORTED.faulty_programs.FIND_IN_SORTED.binsearch(int[],int,int,int)","| gin.edit.statement.SwapStatement quixbugs/faulty_programs/FIND_IN_SORTED.java:57 <-> quixbugs/faulty_programs/FIND_IN_SORTED.java:47 | gin.edit.modifynode.ReplaceExpression quixbugs/faulty_programs/FIND_IN_SORTED.java:69 -> quixbugs/faulty_programs/FIND_IN_SORTED.java:36 |","true","false","3.426561","11.0","6.0"
"faulty_programs.FIND_IN_SORTED.faulty_programs.FIND_IN_SORTED.binsearch(int[],int,int,int)","| gin.edit.statement.SwapStatement quixbugs/faulty_programs/FIND_IN_SORTED.java:57 <-> quixbugs/faulty_programs/FIND_IN_SORTED.java:27 |","false","false","0.0","0.0","-5.0"
"faulty_programs.FIND_IN_SORTED.faulty_programs.FIND_IN_SORTED.binsearch(int[],int,int,int)","| gin.edit.statement.ReplaceStatement quixbugs/faulty_programs/FIND_IN_SORTED.java:20 -> quixbugs/faulty_programs/FIND_IN_SORTED.java:21 |","false","false","0.0","0.0","-5.0"
"faulty_programs.FIND_IN_SORTED.faulty_programs.FIND_IN_SORTED.binsearch(int[],int,int,int)","| gin.edit.modifynode.ReplaceExpression quixbugs/faulty_programs/FIND_IN_SORTED.java:51 -> quixbugs/faulty_programs/FIND_IN_SORTED.java:37 |","false","false","0.0","0.0","-5.0"
"faulty_programs.FIND_IN_SORTED.faulty_programs.FIND_IN_SORTED.binsearch(int[],int,int,int)","| gin.edit.modifynode.SwapExpression quixbugs/faulty_programs/FIND_IN_SORTED.java:32 <-> quixbugs/faulty_programs/FIND_IN_SORTED.java:41 |","false","false","0.0","0.0","-5.0"
"faulty_programs.FIND_IN_SORTED.faulty_programs.FIND_IN_SORTED.binsearch(int[],int,int,int)","| gin.edit.statement.DeleteStatement quixbugs/faulty_programs/FIND_IN_SORTED.java:89 |","false","false","0.0","0.0","-5.0"
"faulty_programs.FIND_IN_SORTED.faulty_programs.FIND_IN_SORTED.binsearch(int[],int,int,int)","| gin.edit.modifynode.UnaryOperatorReplacement  quixbugs/faulty_programs/FIND_IN_SORTED.java:29 MINUS -> PLUS |","true","false","9.958607","4.0","-1.0"
"faulty_programs.FIND_IN_SORTED.faulty_programs.FIND_IN_SORTED.binsearch(int[],int,int,int)","| gin.edit.modifynode.SwapExpression quixbugs/faulty_programs/FIND_IN_SORTED.java:44 <-> quixbugs/faulty_programs/FIND_IN_SORTED.java:40 |","true","false","25.10197","1.0","-4.0"
"faulty_programs.FIND_IN_SORTED.faulty_programs.FIND_IN_SORTED.binsearch(int[],int,int,int)","| gin.edit.statement.DeleteStatement quixbugs/faulty_programs/FIND_IN_SORTED.java:68 |","false","false","0.0","0.0","-5.0"
"faulty_programs.FIND_IN_SORTED.faulty_programs.FIND_IN_SORTED.binsearch(int[],int,int,int)","| gin.edit.modifynode.BinaryOperatorReplacement  quixbugs/faulty_programs/FIND_IN_SORTED.java:48 LESS -> GREATER_EQUALS | gin.edit.modifynode.UnaryOperatorReplacement  quixbugs/faulty_programs/FIND_IN_SORTED.java:29 MINUS -> PLUS |","true","false","2.171169","0.0","-5.0"
"faulty_programs.FIND_IN_SORTED.faulty_programs.FIND_IN_SORTED.binsearch(int[],int,int,int)","| gin.edit.statement.SwapStatement quixbugs/faulty_programs/FIND_IN_SORTED.java:57 <-> quixbugs/faulty_programs/FIND_IN_SORTED.java:47 | gin.edit.statement.SwapStatement quixbugs/faulty_programs/FIND_IN_SORTED.java:68 <-> quixbugs/faulty_programs/FIND_IN_SORTED.java:27 |","true","false","2.494531","11.0","6.0"
"faulty_programs.FIND_IN_SORTED.faulty_programs.FIND_IN_SORTED.binsearch(int[],int,int,int)","| gin.edit.statement.SwapStatement quixbugs/faulty_programs/FIND_IN_SORTED.java:57 <-> quixbugs/faulty_programs/FIND_IN_SORTED.java:47 | gin.edit.modifynode.SwapExpression quixbugs/faulty_programs/FIND_IN_SORTED.java:54 <-> quixbugs/faulty_programs/FIND_IN_SORTED.java:81 |","true","false","21.33929","11.0","6.0"
"faulty_programs.FIND_IN_SORTED.faulty_programs.FIND_IN_SORTED.binsearch(int[],int,int,int)","| gin.edit.modifynode.BinaryOperatorReplacement  quixbugs/faulty_programs/FIND_IN_SORTED.java:48 LESS -> GREATER_EQUALS | gin.edit.modifynode.SwapExpression quixbugs/faulty_programs/FIND_IN_SORTED.java:46 <-> quixbugs/faulty_programs/FIND_IN_SORTED.java:42 |","true","false","4.02181","10.0","5.0"
"faulty_programs.FIND_IN_SORTED.faulty_programs.FIND_IN_SORTED.binsearch(int[],int,int,int)","| gin.edit.modifynode.SwapExpression quixbugs/faulty_programs/FIND_IN_SORTED.java:29 <-> quixbugs/faulty_programs/FIND_IN_SORTED.java:62 | gin.edit.statement.ReplaceStatement quixbugs/faulty_programs/FIND_IN_SORTED.java:47 -> quixbugs/faulty_programs/FIND_IN_SORTED.java:31 |","false","false","0.0","0.0","-5.0"
"faulty_programs.FIND_IN_SORTED.faulty_programs.FIND_IN_SORTED.binsearch(int[],int,int,int)","| gin.edit.statement.SwapStatement quixbugs/faulty_programs/FIND_IN_SORTED.java:20 <-> quixbugs/faulty_programs/FIND_IN_SORTED.java:27 | gin.edit.modifynode.UnaryOperatorReplacement  quixbugs/faulty_programs/FIND_IN_SORTED.java:29 MINUS -> BITWISE_COMPLEMENT |","true","false","3.108068","11.0","6.0"
"faulty_programs.FIND_IN_SORTED.faulty_programs.FIND_IN_SORTED.binsearch(int[],int,int,int)","| gin.edit.statement.SwapStatement quixbugs/faulty_programs/FIND_IN_SORTED.java:20 <-> quixbugs/faulty_programs/FIND_IN_SORTED.java:27 | gin.edit.statement.CopyStatement quixbugs/faulty_programs/FIND_IN_SORTED.java:20 -> quixbugs/faulty_programs/FIND_IN_SORTED.java:27:28 |","true","false","2.754261","11.0","6.0"
"faulty_programs.FIND_IN_SORTED.faulty_programs.FIND_IN_SORTED.binsearch(int[],int,int,int)","| gin.edit.statement.SwapStatement quixbugs/faulty_programs/FIND_IN_SORTED.java:20 <-> quixbugs/faulty_programs/FIND_IN_SORTED.java:27 | gin.edit.modifynode.UnaryOperatorReplacement  quixbugs/faulty_programs/FIND_IN_SORTED.java:29 MINUS -> LOGICAL_COMPLEMENT |","true","false","2.565643","11.0","6.0"
"faulty_programs.FIND_IN_SORTED.faulty_programs.FIND_IN_SORTED.binsearch(int[],int,int,int)","| gin.edit.modifynode.SwapExpression quixbugs/faulty_programs/FIND_IN_SORTED.java:29 <-> quixbugs/faulty_programs/FIND_IN_SORTED.java:62 | gin.edit.statement.ReplaceStatement quixbugs/faulty_programs/FIND_IN_SORTED.java:78 -> quixbugs/faulty_programs/FIND_IN_SORTED.java:78 |","true","false","6.516956","10.0","5.0"
"faulty_programs.FIND_IN_SORTED.faulty_programs.FIND_IN_SORTED.binsearch(int[],int,int,int)","| gin.edit.modifynode.SwapExpression quixbugs/faulty_programs/FIND_IN_SORTED.java:91 <-> quixbugs/faulty_programs/FIND_IN_SORTED.java:69 |","false","false","0.0","0.0","-5.0"
"faulty_programs.FIND_IN_SORTED.faulty_programs.FIND_IN_SORTED.binsearch(int[],int,int,int)","| gin.edit.modifynode.SwapExpression quixbugs/faulty_programs/FIND_IN_SORTED.java:29 <-> quixbugs/faulty_programs/FIND_IN_SORTED.java:62 | gin.edit.modifynode.SwapExpression quixbugs/faulty_programs/FIND_IN_SORTED.java:30 <-> quixbugs/faulty_programs/FIND_IN_SORTED.java:23 |","true","false","5.927169","10.0","5.0"
"faulty_programs.FIND_IN_SORTED.faulty_programs.FIND_IN_SORTED.binsearch(int[],int,int,int)","| gin.edit.modifynode.ReplaceExpression quixbugs/faulty_programs/FIND_IN_SORTED.java:36 -> quixbugs/faulty_programs/FIND_IN_SORTED.java:42 |","true","false","11.849656","3.0","-2.0"
"faulty_programs.FIND_IN_SORTED.faulty_programs.FIND_IN_SORTED.binsearch(int[],int,int,int)","| gin.edit.modifynode.BinaryOperatorReplacement  quixbugs/faulty_programs/FIND_IN_SORTED.java:48 LESS -> GREATER_EQUALS | gin.edit.modifynode.SwapExpression quixbugs/faulty_programs/FIND_IN_SORTED.java:44 <-> quixbugs/faulty_programs/FIND_IN_SORTED.java:30 |","true","false","2.579677","0.0","-5.0"
"faulty_programs.FIND_IN_SORTED.faulty_programs.FIND_IN_SORTED.binsearch(int[],int,int,int)","| gin.edit.statement.SwapStatement quixbugs/faulty_programs/FIND_IN_SORTED.java:68 <-> quixbugs/faulty_programs/FIND_IN_SORTED.java:57 | gin.edit.statement.DeleteStatement quixbugs/faulty_programs/FIND_IN_SORTED.java:78 |","true","false","2.549508","10.0","5.0"
"faulty_programs.FIND_IN_SORTED.faulty_programs.FIND_IN_SORTED.binsearch(int[],int,int,int)","| gin.edit.modifynode.BinaryOperatorReplacement  quixbugs/faulty_programs/FIND_IN_SORTED.java:48 LESS -> GREATER_EQUALS | gin.edit.statement.SwapStatement quixbugs/faulty_programs/FIND_IN_SORTED.java:68 <-> quixbugs/faulty_programs/FIND_IN_SORTED.java:57 | gin.edit.modifynode.BinaryOperatorReplacement  quixbugs/faulty_programs/FIND_IN_SORTED.java:69 GREATER -> EQUALS |","true","false","62.551434","5.0","0.0"
"faulty_programs.FIND_IN_SORTED.faulty_programs.FIND_IN_SORTED.binsearch(int[],int,int,int)","| gin.edit.statement.DeleteStatement quixbugs/faulty_programs/FIND_IN_SORTED.java:47 |","false","false","0.0","0.0","-5.0"
"faulty_programs.FIND_IN_SORTED.faulty_programs.FIND_IN_SORTED.binsearch(int[],int,int,int)","| gin.edit.modifynode.SwapExpression quixbugs/faulty_programs/FIND_IN_SORTED.java:29 <-> quixbugs/faulty_programs/FIND_IN_SORTED.java:62 | gin.edit.statement.ReplaceStatement quixbugs/faulty_programs/FIND_IN_SORTED.java:78 -> quixbugs/faulty_programs/FIND_IN_SORTED.java:78 | gin.edit.statement.SwapStatement quixbugs/faulty_programs/FIND_IN_SORTED.java:78 <-> quixbugs/faulty_programs/FIND_IN_SORTED.java:57 |","true","false","13.53806","3.0","-2.0"
"faulty_programs.FIND_IN_SORTED.faulty_programs.FIND_IN_SORTED.binsearch(int[],int,int,int)","| gin.edit.statement.SwapStatement quixbugs/faulty_programs/FIND_IN_SORTED.java:57 <-> quixbugs/faulty_programs/FIND_IN_SORTED.java:47 | gin.edit.statement.SwapStatement quixbugs/faulty_programs/FIND_IN_SORTED.java:68 <-> quixbugs/faulty_programs/FIND_IN_SORTED.java:27 | gin.edit.statement.CopyStatement quixbugs/faulty_programs/FIND_IN_SORTED.java:47 -> quixbugs/faulty_programs/FIND_IN_SORTED.java:20:20 |","true","false","2.187671","11.0","6.0"
"faulty_programs.FIND_IN_SORTED.faulty_programs.FIND_IN_SORTED.binsearch(int[],int,int,int)","| gin.edit.statement.ReplaceStatement quixbugs/faulty_programs/FIND_IN_SORTED.java:78 -> quixbugs/faulty_programs/FIND_IN_SORTED.java:78 | gin.edit.statement.SwapStatement quixbugs/faulty_programs/FIND_IN_SORTED.java:57 <-> quixbugs/faulty_programs/FIND_IN_SORTED.java:47 | gin.edit.modifynode.SwapExpression quixbugs/faulty_programs/FIND_IN_SORTED.java:69 <-> quixbugs/faulty_programs/FIND_IN_SORTED.java:75 |","true","false","2.067687","11.0","6.0"
"faulty_programs.FIND_IN_SORTED.faulty_programs.FIND_IN_SORTED.binsearch(int[],int,int,int)","| gin.edit.statement.SwapStatement quixbugs/faulty_programs/FIND_IN_SORTED.java:57 <-> quixbugs/faulty_programs/FIND_IN_SORTED.java:47 | gin.edit.modifynode.SwapExpression quixbugs/faulty_programs/FIND_IN_SORTED.java:29 <-> quixbugs/faulty_programs/FIND_IN_SORTED.java:62 | gin.edit.statement.ReplaceStatement quixbugs/faulty_programs/FIND_IN_SORTED.java:78 -> quixbugs/faulty_programs/FIND_IN_SORTED.java:78 | gin.edit.statement.SwapStatement quixbugs/faulty_programs/FIND_IN_SORTED.java:90 <-> quixbugs/faulty_programs/FIND_IN_SORTED.java:57 |","true","false","2.123033","11.0","6.0"
"faulty_programs.FIND_IN_SORTED.faulty_programs.FIND_IN_SORTED.binsearch(int[],int,int,int)","| gin.edit.statement.SwapStatement quixbugs/faulty_programs/FIND_IN_SORTED.java:68 <-> quixbugs/faulty_programs/FIND_IN_SORTED.java:57 | gin.edit.statement.DeleteStatement quixbugs/faulty_programs/FIND_IN_SORTED.java:57 | gin.edit.statement.SwapStatement quixbugs/faulty_programs/FIND_IN_SORTED.java:28 <-> quixbugs/faulty_programs/FIND_IN_SORTED.java:90 |","true","false","2.055587","10.0","5.0"
"faulty_programs.FIND_IN_SORTED.faulty_programs.FIND_IN_SORTED.binsearch(int[],int,int,int)","| gin.edit.statement.SwapStatement quixbugs/faulty_programs/FIND_IN_SORTED.java:20 <-> quixbugs/faulty_programs/FIND_IN_SORTED.java:27 | gin.edit.modifynode.UnaryOperatorReplacement  quixbugs/faulty_programs/FIND_IN_SORTED.java:29 MINUS -> LOGICAL_COMPLEMENT | gin.edit.statement.SwapStatement quixbugs/faulty_programs/FIND_IN_SORTED.java:21 <-> quixbugs/faulty_programs/FIND_IN_SORTED.java:31 |","true","false","2.111054","11.0","6.0"
"faulty_programs.FIND_IN_SORTED.faulty_programs.FIND_IN_SORTED.binsearch(int[],int,int,int)","| gin.edit.statement.SwapStatement quixbugs/faulty_programs/FIND_IN_SORTED.java:68 <-> quixbugs/faulty_programs/FIND_IN_SORTED.java:57 | gin.edit.statement.DeleteStatement quixbugs/faulty_programs/FIND_IN_SORTED.java:57 | gin.edit.modifynode.UnaryOperatorReplacement  quixbugs/faulty_programs/FIND_IN_SORTED.java:29 MINUS -> LOGICAL_COMPLEMENT | gin.edit.modifynode.ReplaceExpression quixbugs/faulty_programs/FIND_IN_SORTED.java:83 -> quixbugs/faulty_programs/FIND_IN_SORTED.java:83 |","false","false","0.0","0.0","-5.0"
"faulty_programs.FIND_IN_SORTED.faulty_programs.FIND_IN_SORTED.binsearch(int[],int,int,int)","| gin.edit.modifynode.UnaryOperatorReplacement  quixbugs/faulty_programs/FIND_IN_SORTED.java:29 MINUS -> LOGICAL_COMPLEMENT | gin.edit.statement.SwapStatement quixbugs/faulty_programs/FIND_IN_SORTED.java:68 <-> quixbugs/faulty_programs/FIND_IN_SORTED.java:57 | gin.edit.statement.DeleteStatement quixbugs/faulty_programs/FIND_IN_SORTED.java:57 | gin.edit.modifynode.UnaryOperatorReplacement  quixbugs/faulty_programs/FIND_IN_SORTED.java:29 MINUS -> LOGICAL_COMPLEMENT |","false","false","0.0","0.0","-5.0"
"faulty_programs.FIND_IN_SORTED.faulty_programs.FIND_IN_SORTED.binsearch(int[],int,int,int)","| gin.edit.statement.SwapStatement quixbugs/faulty_programs/FIND_IN_SORTED.java:20 <-> quixbugs/faulty_programs/FIND_IN_SORTED.java:27 | gin.edit.statement.CopyStatement quixbugs/faulty_programs/FIND_IN_SORTED.java:20 -> quixbugs/faulty_programs/FIND_IN_SORTED.java:27:28 | gin.edit.modifynode.UnaryOperatorReplacement  quixbugs/faulty_programs/FIND_IN_SORTED.java:29 MINUS -> BITWISE_COMPLEMENT |","true","false","1.909033","11.0","6.0"
"faulty_programs.FIND_IN_SORTED.faulty_programs.FIND_IN_SORTED.binsearch(int[],int,int,int)","| gin.edit.statement.SwapStatement quixbugs/faulty_programs/FIND_IN_SORTED.java:57 <-> quixbugs/faulty_programs/FIND_IN_SORTED.java:47 | gin.edit.modifynode.SwapExpression quixbugs/faulty_programs/FIND_IN_SORTED.java:54 <-> quixbugs/faulty_programs/FIND_IN_SORTED.java:81 | gin.edit.modifynode.BinaryOperatorReplacement  quixbugs/faulty_programs/FIND_IN_SORTED.java:39 DIVIDE -> PLUS |","true","false","24.29408","0.0","-5.0"
"faulty_programs.FIND_IN_SORTED.faulty_programs.FIND_IN_SORTED.binsearch(int[],int,int,int)","| gin.edit.statement.SwapStatement quixbugs/faulty_programs/FIND_IN_SORTED.java:20 <-> quixbugs/faulty_programs/FIND_IN_SORTED.java:27 | gin.edit.statement.CopyStatement quixbugs/faulty_programs/FIND_IN_SORTED.java:20 -> quixbugs/faulty_programs/FIND_IN_SORTED.java:27:28 | gin.edit.modifynode.SwapExpression quixbugs/faulty_programs/FIND_IN_SORTED.java:54 <-> quixbugs/faulty_programs/FIND_IN_SORTED.java:81 | gin.edit.modifynode.UnaryOperatorReplacement  quixbugs/faulty_programs/FIND_IN_SORTED.java:29 MINUS -> PLUS |","true","false","2.067785","11.0","6.0"
"faulty_programs.FIND_IN_SORTED.faulty_programs.FIND_IN_SORTED.binsearch(int[],int,int,int)","| gin.edit.statement.SwapStatement quixbugs/faulty_programs/FIND_IN_SORTED.java:57 <-> quixbugs/faulty_programs/FIND_IN_SORTED.java:47 | gin.edit.modifynode.SwapExpression quixbugs/faulty_programs/FIND_IN_SORTED.java:54 <-> quixbugs/faulty_programs/FIND_IN_SORTED.java:81 | gin.edit.statement.CopyStatement quixbugs/faulty_programs/FIND_IN_SORTED.java:20 -> quixbugs/faulty_programs/FIND_IN_SORTED.java:27:28 | gin.edit.statement.DeleteStatement quixbugs/faulty_programs/FIND_IN_SORTED.java:20 |","false","false","0.0","0.0","-5.0"
"faulty_programs.FIND_IN_SORTED.faulty_programs.FIND_IN_SORTED.binsearch(int[],int,int,int)","| gin.edit.statement.SwapStatement quixbugs/faulty_programs/FIND_IN_SORTED.java:57 <-> quixbugs/faulty_programs/FIND_IN_SORTED.java:47 | gin.edit.statement.SwapStatement quixbugs/faulty_programs/FIND_IN_SORTED.java:68 <-> quixbugs/faulty_programs/FIND_IN_SORTED.java:27 | gin.edit.statement.DeleteStatement quixbugs/faulty_programs/FIND_IN_SORTED.java:21 |","true","false","29.85463","0.0","-5.0"
"faulty_programs.FIND_IN_SORTED.faulty_programs.FIND_IN_SORTED.binsearch(int[],int,int,int)","| gin.edit.statement.SwapStatement quixbugs/faulty_programs/FIND_IN_SORTED.java:20 <-> quixbugs/faulty_programs/FIND_IN_SORTED.java:27 | gin.edit.modifynode.UnaryOperatorReplacement  quixbugs/faulty_programs/FIND_IN_SORTED.java:29 MINUS -> LOGICAL_COMPLEMENT | gin.edit.modifynode.BinaryOperatorReplacement  quixbugs/faulty_programs/FIND_IN_SORTED.java:48 LESS -> LESS_EQUALS |","true","false","19.5743","11.0","6.0"
"faulty_programs.FIND_IN_SORTED.faulty_programs.FIND_IN_SORTED.binsearch(int[],int,int,int)","| gin.edit.statement.SwapStatement quixbugs/faulty_programs/FIND_IN_SORTED.java:57 <-> quixbugs/faulty_programs/FIND_IN_SORTED.java:47 | gin.edit.statement.SwapStatement quixbugs/faulty_programs/FIND_IN_SORTED.java:68 <-> quixbugs/faulty_programs/FIND_IN_SORTED.java:27 | gin.edit.statement.SwapStatement quixbugs/faulty_programs/FIND_IN_SORTED.java:20 <-> quixbugs/faulty_programs/FIND_IN_SORTED.java:27 | gin.edit.modifynode.UnaryOperatorReplacement  quixbugs/faulty_programs/FIND_IN_SORTED.java:29 MINUS -> LOGICAL_COMPLEMENT | gin.edit.statement.SwapStatement quixbugs/faulty_programs/FIND_IN_SORTED.java:89 <-> quixbugs/faulty_programs/FIND_IN_SORTED.java:78 |","true","false","2.155573","11.0","6.0"
"faulty_programs.FIND_IN_SORTED.faulty_programs.FIND_IN_SORTED.binsearch(int[],int,int,int)","| gin.edit.statement.SwapStatement quixbugs/faulty_programs/FIND_IN_SORTED.java:20 <-> quixbugs/faulty_programs/FIND_IN_SORTED.java:27 | gin.edit.statement.SwapStatement quixbugs/faulty_programs/FIND_IN_SORTED.java:68 <-> quixbugs/faulty_programs/FIND_IN_SORTED.java:27 | gin.edit.modifynode.SwapExpression quixbugs/faulty_programs/FIND_IN_SORTED.java:79 <-> quixbugs/faulty_programs/FIND_IN_SORTED.java:49 |","true","false","1.950472","11.0","6.0"
"faulty_programs.FIND_IN_SORTED.faulty_programs.FIND_IN_SORTED.binsearch(int[],int,int,int)","| gin.edit.statement.SwapStatement quixbugs/faulty_programs/FIND_IN_SORTED.java:57 <-> quixbugs/faulty_programs/FIND_IN_SORTED.java:47 | gin.edit.statement.DeleteStatement quixbugs/faulty_programs/FIND_IN_SORTED.java:68 | gin.edit.modifynode.ReplaceExpression quixbugs/faulty_programs/FIND_IN_SORTED.java:64 -> quixbugs/faulty_programs/FIND_IN_SORTED.java:60 |","true","false","1.712776","11.0","6.0"
"faulty_programs.FIND_IN_SORTED.faulty_programs.FIND_IN_SORTED.binsearch(int[],int,int,int)","| gin.edit.statement.SwapStatement quixbugs/faulty_programs/FIND_IN_SORTED.java:57 <-> quixbugs/faulty_programs/FIND_IN_SORTED.java:47 | gin.edit.statement.SwapStatement quixbugs/faulty_programs/FIND_IN_SORTED.java:68 <-> quixbugs/faulty_programs/FIND_IN_SORTED.java:27 | gin.edit.modifynode.ReplaceExpression quixbugs/faulty_programs/FIND_IN_SORTED.java:105 -> quixbugs/faulty_programs/FIND_IN_SORTED.java:44 |","true","false","12.108988","0.0","-5.0"
"faulty_programs.FIND_IN_SORTED.faulty_programs.FIND_IN_SORTED.binsearch(int[],int,int,int)","| gin.edit.statement.SwapStatement quixbugs/faulty_programs/FIND_IN_SORTED.java:57 <-> quixbugs/faulty_programs/FIND_IN_SORTED.java:47 | gin.edit.statement.DeleteStatement quixbugs/faulty_programs/FIND_IN_SORTED.java:68 | gin.edit.statement.SwapStatement quixbugs/faulty_programs/FIND_IN_SORTED.java:68 <-> quixbugs/faulty_programs/FIND_IN_SORTED.java:27 | gin.edit.statement.DeleteStatement quixbugs/faulty_programs/FIND_IN_SORTED.java:78 |","true","false","2.031369","11.0","6.0"
"faulty_programs.FIND_IN_SORTED.faulty_programs.FIND_IN_SORTED.binsearch(int[],int,int,int)","| gin.edit.statement.ReplaceStatement quixbugs/faulty_programs/FIND_IN_SORTED.java:47 -> quixbugs/faulty_programs/FIND_IN_SORTED.java:89 |","true","false","7.652301","5.0","0.0"
"faulty_programs.FIND_IN_SORTED.faulty_programs.FIND_IN_SORTED.binsearch(int[],int,int,int)","| gin.edit.statement.SwapStatement quixbugs/faulty_programs/FIND_IN_SORTED.java:20 <-> quixbugs/faulty_programs/FIND_IN_SORTED.java:27 | gin.edit.modifynode.UnaryOperatorReplacement  quixbugs/faulty_programs/FIND_IN_SORTED.java:29 MINUS -> LOGICAL_COMPLEMENT | gin.edit.statement.DeleteStatement quixbugs/faulty_programs/FIND_IN_SORTED.java:89 |","true","false","2.061995","11.0","6.0"
"faulty_programs.FIND_IN_SORTED.faulty_programs.FIND_IN_SORTED.binsearch(int[],int,int,int)","| gin.edit.statement.SwapStatement quixbugs/faulty_programs/FIND_IN_SORTED.java:57 <-> quixbugs/faulty_programs/FIND_IN_SORTED.java:47 | gin.edit.modifynode.SwapExpression quixbugs/faulty_programs/FIND_IN_SORTED.java:54 <-> quixbugs/faulty_programs/FIND_IN_SORTED.java:81 | gin.edit.modifynode.ReplaceExpression quixbugs/faulty_programs/FIND_IN_SORTED.java:73 -> quixbugs/faulty_programs/FIND_IN_SORTED.java:51 |","true","false","1.842694","11.0","6.0"
"faulty_programs.FIND_IN_SORTED.faulty_programs.FIND_IN_SORTED.binsearch(int[],int,int,int)","| gin.edit.modifynode.UnaryOperatorReplacement  quixbugs/faulty_programs/FIND_IN_SORTED.java:29 MINUS -> LOGICAL_COMPLEMENT | gin.edit.statement.SwapStatement quixbugs/faulty_programs/FIND_IN_SORTED.java:57 <-> quixbugs/faulty_programs/FIND_IN_SORTED.java:47 | gin.edit.modifynode.SwapExpression quixbugs/faulty_programs/FIND_IN_SORTED.java:54 <-> quixbugs/faulty_programs/FIND_IN_SORTED.java:81 | gin.edit.statement.SwapStatement quixbugs/faulty_programs/FIND_IN_SORTED.java:21 <-> quixbugs/faulty_programs/FIND_IN_SORTED.java:89 |","false","false","0.0","0.0","-5.0"
"faulty_programs.FIND_IN_SORTED.faulty_programs.FIND_IN_SORTED.binsearch(int[],int,int,int)","| gin.edit.statement.SwapStatement quixbugs/faulty_programs/FIND_IN_SORTED.java:57 <-> quixbugs/faulty_programs/FIND_IN_SORTED.java:47 | gin.edit.modifynode.SwapExpression quixbugs/faulty_programs/FIND_IN_SORTED.java:54 <-> quixbugs/faulty_programs/FIND_IN_SORTED.java:81 | gin.edit.modifynode.UnaryOperatorReplacement  quixbugs/faulty_programs/FIND_IN_SORTED.java:29 MINUS -> LOGICAL_COMPLEMENT | gin.edit.statement.CopyStatement quixbugs/faulty_programs/FIND_IN_SORTED.java:57 -> quixbugs/faulty_programs/FIND_IN_SORTED.java:89:90 |","false","false","0.0","0.0","-5.0"
"faulty_programs.FIND_IN_SORTED.faulty_programs.FIND_IN_SORTED.binsearch(int[],int,int,int)","| gin.edit.statement.SwapStatement quixbugs/faulty_programs/FIND_IN_SORTED.java:57 <-> quixbugs/faulty_programs/FIND_IN_SORTED.java:47 | gin.edit.modifynode.SwapExpression quixbugs/faulty_programs/FIND_IN_SORTED.java:54 <-> quixbugs/faulty_programs/FIND_IN_SORTED.java:81 | gin.edit.modifynode.SwapExpression quixbugs/faulty_programs/FIND_IN_SORTED.java:40 <-> quixbugs/faulty_programs/FIND_IN_SORTED.java:54 |","true","false","2.232294","11.0","6.0"
"faulty_programs.FIND_IN_SORTED.faulty_programs.FIND_IN_SORTED.binsearch(int[],int,int,int)","| gin.edit.statement.SwapStatement quixbugs/faulty_programs/FIND_IN_SORTED.java:20 <-> quixbugs/faulty_programs/FIND_IN_SORTED.java:27 | gin.edit.modifynode.UnaryOperatorReplacement  quixbugs/faulty_programs/FIND_IN_SORTED.java:29 MINUS -> LOGICAL_COMPLEMENT | gin.edit.modifynode.ReplaceExpression quixbugs/faulty_programs/FIND_IN_SORTED.java:42 -> quixbugs/faulty_programs/FIND_IN_SORTED.java:66 |","true","false","1.985949","11.0","6.0"
"faulty_programs.FIND_IN_SORTED.faulty_programs.FIND_IN_SORTED.binsearch(int[],int,int,int)","| gin.edit.modifynode.SwapExpression quixbugs/faulty_programs/FIND_IN_SORTED.java:54 <-> quixbugs/faulty_programs/FIND_IN_SORTED.java:81 | gin.edit.statement.SwapStatement quixbugs/faulty_programs/FIND_IN_SORTED.java:20 <-> quixbugs/faulty_programs/FIND_IN_SORTED.java:27 | gin.edit.modifynode.UnaryOperatorReplacement  quixbugs/faulty_programs/FIND_IN_SORTED.java:29 MINUS -> LOGICAL_COMPLEMENT | gin.edit.statement.ReplaceStatement quixbugs/faulty_programs/FIND_IN_SORTED.java:27 -> quixbugs/faulty_programs/FIND_IN_SORTED.java:31 |","true","false","2.327316","11.0","6.0"
"faulty_programs.FIND_IN_SORTED.faulty_programs.FIND_IN_SORTED.binsearch(int[],int,int,int)","| gin.edit.statement.SwapStatement quixbugs/faulty_programs/FIND_IN_SORTED.java:20 <-> quixbugs/faulty_programs/FIND_IN_SORTED.java:27 | gin.edit.modifynode.SwapExpression quixbugs/faulty_programs/FIND_IN_SORTED.java:54 <-> quixbugs/faulty_programs/FIND_IN_SORTED.java:81 | gin.edit.statement.DeleteStatement quixbugs/faulty_programs/FIND_IN_SORTED.java:31 |","true","false","13.976728","11.0","6.0"
"faulty_programs.FIND_IN_SORTED.faulty_programs.FIND_IN_SORTED.binsearch(int[],int,int,int)","| gin.edit.statement.SwapStatement quixbugs/faulty_programs/FIND_IN_SORTED.java:57 <-> quixbugs/faulty_programs/FIND_IN_SORTED.java:47 | gin.edit.statement.DeleteStatement quixbugs/faulty_programs/FIND_IN_SORTED.java:68 | gin.edit.modifynode.ReplaceExpression quixbugs/faulty_programs/FIND_IN_SORTED.java:52 -> quixbugs/faulty_programs/FIND_IN_SORTED.java:79 |","true","false","1.952343","11.0","6.0"
"faulty_programs.FIND_IN_SORTED.faulty_programs.FIND_IN_SORTED.binsearch(int[],int,int,int)","| gin.edit.statement.SwapStatement quixbugs/faulty_programs/FIND_IN_SORTED.java:20 <-> quixbugs/faulty_programs/FIND_IN_SORTED.java:27 | gin.edit.modifynode.UnaryOperatorReplacement  quixbugs/faulty_programs/FIND_IN_SORTED.java:29 MINUS -> LOGICAL_COMPLEMENT | gin.edit.statement.CopyStatement quixbugs/faulty_programs/FIND_IN_SORTED.java:27 -> quixbugs/faulty_programs/FIND_IN_SORTED.java:20:31 |","true","false","1.879879","11.0","6.0"
"faulty_programs.FIND_IN_SORTED.faulty_programs.FIND_IN_SORTED.binsearch(int[],int,int,int)","| gin.edit.statement.DeleteStatement quixbugs/faulty_programs/FIND_IN_SORTED.java:68 | gin.edit.modifynode.UnaryOperatorReplacement  quixbugs/faulty_programs/FIND_IN_SORTED.java:29 MINUS -> LOGICAL_COMPLEMENT | gin.edit.modifynode.BinaryOperatorReplacement  quixbugs/faulty_programs/FIND_IN_SORTED.java:22 EQUALS -> BINARY_AND |","false","false","0.0","0.0","-5.0"
"faulty_programs.FIND_IN_SORTED.faulty_programs.FIND_IN_SORTED.binsearch(int[],int,int,int)","| gin.edit.statement.SwapStatement quixbugs/faulty_programs/FIND_IN_SORTED.java:20 <-> quixbugs/faulty_programs/FIND_IN_SORTED.java:27 | gin.edit.statement.DeleteStatement quixbugs/faulty_programs/FIND_IN_SORTED.java:68 | gin.edit.statement.CopyStatement quixbugs/faulty_programs/FIND_IN_SORTED.java:47 -> quixbugs/faulty_programs/FIND_IN_SORTED.java:20:31 |","true","false","2.098072","11.0","6.0"
"faulty_programs.FIND_IN_SORTED.faulty_programs.FIND_IN_SORTED.binsearch(int[],int,int,int)","| gin.edit.statement.SwapStatement quixbugs/faulty_programs/FIND_IN_SORTED.java:20 <-> quixbugs/faulty_programs/FIND_IN_SORTED.java:27 | gin.edit.statement.CopyStatement quixbugs/faulty_programs/FIND_IN_SORTED.java:20 -> quixbugs/faulty_programs/FIND_IN_SORTED.java:27:28 | gin.edit.modifynode.UnaryOperatorReplacement  quixbugs/faulty_programs/FIND_IN_SORTED.java:29 MINUS -> PLUS |","true","false","2.050516","11.0","6.0"
"faulty_programs.FIND_IN_SORTED.faulty_programs.FIND_IN_SORTED.binsearch(int[],int,int,int)","| gin.edit.statement.SwapStatement quixbugs/faulty_programs/FIND_IN_SORTED.java:20 <-> quixbugs/faulty_programs/FIND_IN_SORTED.java:27 | gin.edit.modifynode.UnaryOperatorReplacement  quixbugs/faulty_programs/FIND_IN_SORTED.java:29 MINUS -> BITWISE_COMPLEMENT | gin.edit.modifynode.UnaryOperatorReplacement  quixbugs/faulty_programs/FIND_IN_SORTED.java:29 MINUS -> LOGICAL_COMPLEMENT |","true","false","2.161226","11.0","6.0"
"faulty_programs.FIND_IN_SORTED.faulty_programs.FIND_IN_SORTED.binsearch(int[],int,int,int)","| gin.edit.statement.SwapStatement quixbugs/faulty_programs/FIND_IN_SORTED.java:20 <-> quixbugs/faulty_programs/FIND_IN_SORTED.java:27 | gin.edit.statement.SwapStatement quixbugs/faulty_programs/FIND_IN_SORTED.java:20 <-> quixbugs/faulty_programs/FIND_IN_SORTED.java:27 | gin.edit.modifynode.BinaryOperatorReplacement  quixbugs/faulty_programs/FIND_IN_SORTED.java:36 PLUS -> LEFT_SHIFT |","true","false","1.982465","11.0","6.0"
"faulty_programs.FIND_IN_SORTED.faulty_programs.FIND_IN_SORTED.binsearch(int[],int,int,int)","| gin.edit.statement.SwapStatement quixbugs/faulty_programs/FIND_IN_SORTED.java:20 <-> quixbugs/faulty_programs/FIND_IN_SORTED.java:27 | gin.edit.modifynode.UnaryOperatorReplacement  quixbugs/faulty_programs/FIND_IN_SORTED.java:29 MINUS -> BITWISE_COMPLEMENT | gin.edit.statement.SwapStatement quixbugs/faulty_programs/FIND_IN_SORTED.java:20 <-> quixbugs/faulty_programs/FIND_IN_SORTED.java:27 | gin.edit.statement.CopyStatement quixbugs/faulty_programs/FIND_IN_SORTED.java:20 -> quixbugs/faulty_programs/FIND_IN_SORTED.java:27:28 | gin.edit.modifynode.ReplaceExpression quixbugs/faulty_programs/FIND_IN_SORTED.java:91 -> quixbugs/faulty_programs/FIND_IN_SORTED.java:32 |","true","false","2.099685","11.0","6.0"
"faulty_programs.FIND_IN_SORTED.faulty_programs.FIND_IN_SORTED.binsearch(int[],int,int,int)","| gin.edit.statement.SwapStatement quixbugs/faulty_programs/FIND_IN_SORTED.java:57 <-> quixbugs/faulty_programs/FIND_IN_SORTED.java:47 | gin.edit.modifynode.ReplaceExpression quixbugs/faulty_programs/FIND_IN_SORTED.java:69 -> quixbugs/faulty_programs/FIND_IN_SORTED.java:36 | gin.edit.modifynode.ReplaceExpression quixbugs/faulty_programs/FIND_IN_SORTED.java:85 -> quixbugs/faulty_programs/FIND_IN_SORTED.java:85 |","true","false","2.105555","11.0","6.0"
"faulty_programs.FIND_IN_SORTED.faulty_programs.FIND_IN_SORTED.binsearch(int[],int,int,int)","| gin.edit.statement.SwapStatement quixbugs/faulty_programs/FIND_IN_SORTED.java:20 <-> quixbugs/faulty_programs/FIND_IN_SORTED.java:27 | gin.edit.statement.CopyStatement quixbugs/faulty_programs/FIND_IN_SORTED.java:20 -> quixbugs/faulty_programs/FIND_IN_SORTED.java:27:28 | gin.edit.statement.CopyStatement quixbugs/faulty_programs/FIND_IN_SORTED.java:89 -> quixbugs/faulty_programs/FIND_IN_SORTED.java:89:89 |","true","false","1.730408","11.0","6.0"
"faulty_programs.FIND_IN_SORTED.faulty_programs.FIND_IN_SORTED.binsearch(int[],int,int,int)","| gin.edit.modifynode.ReplaceExpression quixbugs/faulty_programs/FIND_IN_SORTED.java:69 -> quixbugs/faulty_programs/FIND_IN_SORTED.java:36 | gin.edit.statement.SwapStatement quixbugs/faulty_programs/FIND_IN_SORTED.java:20 <-> quixbugs/faulty_programs/FIND_IN_SORTED.java:27 | gin.edit.statement.CopyStatement quixbugs/faulty_programs/FIND_IN_SORTED.java:20 -> quixbugs/faulty_programs/FIND_IN_SORTED.java:27:28 | gin.edit.statement.CopyStatement quixbugs/faulty_programs/FIND_IN_SORTED.java:57 -> quixbugs/faulty_programs/FIND_IN_SORTED.java:89:89 |","true","false","1.828331","11.0","6.0"
"faulty_programs.FIND_IN_SORTED.faulty_programs.FIND_IN_SORTED.binsearch(int[],int,int,int)","| gin.edit.statement.SwapStatement quixbugs/faulty_programs/FIND_IN_SORTED.java:20 <-> quixbugs/faulty_programs/FIND_IN_SORTED.java:27 | gin.edit.statement.CopyStatement quixbugs/faulty_programs/FIND_IN_SORTED.java:20 -> quixbugs/faulty_programs/FIND_IN_SORTED.java:27:28 | gin.edit.modifynode.ReplaceExpression quixbugs/faulty_programs/FIND_IN_SORTED.java:69 -> quixbugs/faulty_programs/FIND_IN_SORTED.java:36 | gin.edit.statement.CopyStatement quixbugs/faulty_programs/FIND_IN_SORTED.java:57 -> quixbugs/faulty_programs/FIND_IN_SORTED.java:27:27 |","true","false","1.732889","11.0","6.0"
"faulty_programs.FIND_IN_SORTED.faulty_programs.FIND_IN_SORTED.binsearch(int[],int,int,int)","| gin.edit.statement.SwapStatement quixbugs/faulty_programs/FIND_IN_SORTED.java:57 <-> quixbugs/faulty_programs/FIND_IN_SORTED.java:47 | gin.edit.modifynode.SwapExpression quixbugs/faulty_programs/FIND_IN_SORTED.java:54 <-> quixbugs/faulty_programs/FIND_IN_SORTED.java:81 | gin.edit.modifynode.SwapExpression quixbugs/faulty_programs/FIND_IN_SORTED.java:40 <-> quixbugs/faulty_programs/FIND_IN_SORTED.java:54 | gin.edit.statement.SwapStatement quixbugs/faulty_programs/FIND_IN_SORTED.java:27 <-> quixbugs/faulty_programs/FIND_IN_SORTED.java:56 |","true","false","12.963774","11.0","6.0"
"faulty_programs.FIND_IN_SORTED.faulty_programs.FIND_IN_SORTED.binsearch(int[],int,int,int)","| gin.edit.statement.SwapStatement quixbugs/faulty_programs/FIND_IN_SORTED.java:57 <-> quixbugs/faulty_programs/FIND_IN_SORTED.java:47 | gin.edit.statement.DeleteStatement quixbugs/faulty_programs/FIND_IN_SORTED.java:68 | gin.edit.modifynode.ReplaceExpression quixbugs/faulty_programs/FIND_IN_SORTED.java:64 -> quixbugs/faulty_programs/FIND_IN_SORTED.java:60 | gin.edit.statement.DeleteStatement quixbugs/faulty_programs/FIND_IN_SORTED.java:78 |","true","false","1.870295","11.0","6.0"
"faulty_programs.FIND_IN_SORTED.faulty_programs.FIND_IN_SORTED.binsearch(int[],int,int,int)","| gin.edit.statement.SwapStatement quixbugs/faulty_programs/FIND_IN_SORTED.java:57 <-> quixbugs/faulty_programs/FIND_IN_SORTED.java:47 | gin.edit.modifynode.ReplaceExpression quixbugs/faulty_programs/FIND_IN_SORTED.java:64 -> quixbugs/faulty_programs/FIND_IN_SORTED.java:60 | gin.edit.modifynode.ReplaceExpression quixbugs/faulty_programs/FIND_IN_SORTED.java:58 -> quixbugs/faulty_programs/FIND_IN_SORTED.java:70 |","true","false","1.498522","11.0","6.0"
"faulty_programs.FIND_IN_SORTED.faulty_programs.FIND_IN_SORTED.binsearch(int[],int,int,int)","| gin.edit.statement.DeleteStatement quixbugs/faulty_programs/FIND_IN_SORTED.java:68 | gin.edit.modifynode.ReplaceExpression quixbugs/faulty_programs/FIND_IN_SORTED.java:64 -> quixbugs/faulty_programs/FIND_IN_SORTED.java:60 | gin.edit.modifynode.SwapExpression quixbugs/faulty_programs/FIND_IN_SORTED.java:54 <-> quixbugs/faulty_programs/FIND_IN_SORTED.java:81 | gin.edit.modifynode.ReplaceExpression quixbugs/faulty_programs/FIND_IN_SORTED.java:62 -> quixbugs/faulty_programs/FIND_IN_SORTED.java:70 |","false","false","0.0","0.0","-5.0"
"faulty_programs.FIND_IN_SORTED.faulty_programs.FIND_IN_SORTED.binsearch(int[],int,int,int)","| gin.edit.statement.ReplaceStatement quixbugs/faulty_programs/FIND_IN_SORTED.java:78 -> quixbugs/faulty_programs/FIND_IN_SORTED.java:78 | gin.edit.statement.SwapStatement quixbugs/faulty_programs/FIND_IN_SORTED.java:57 <-> quixbugs/faulty_programs/FIND_IN_SORTED.java:47 | gin.edit.modifynode.SwapExpression quixbugs/faulty_programs/FIND_IN_SORTED.java:69 <-> quixbugs/faulty_programs/FIND_IN_SORTED.java:75 | gin.edit.modifynode.BinaryOperatorReplacement  quixbugs/faulty_programs/FIND_IN_SORTED.java:69 GREATER -> GREATER_EQUALS |","true","false","1.647778","11.0","6.0"
"faulty_programs.FIND_IN_SORTED.faulty_programs.FIND_IN_SORTED.binsearch(int[],int,int,int)","| gin.edit.statement.SwapStatement quixbugs/faulty_programs/FIND_IN_SORTED.java:20 <-> quixbugs/faulty_programs/FIND_IN_SORTED.java:27 | gin.edit.statement.SwapStatement quixbugs/faulty_programs/FIND_IN_SORTED.java:20 <-> quixbugs/faulty_programs/FIND_IN_SORTED.java:27 | gin.edit.modifynode.BinaryOperatorReplacement  quixbugs/faulty_programs/FIND_IN_SORTED.java:36 PLUS -> LEFT_SHIFT | gin.edit.modifynode.SwapExpression quixbugs/faulty_programs/FIND_IN_SORTED.java:52 <-> quixbugs/faulty_programs/FIND_IN_SORTED.java:62 |","true","false","1.710184","11.0","6.0"
"faulty_programs.FIND_IN_SORTED.faulty_programs.FIND_IN_SORTED.binsearch(int[],int,int,int)","| gin.edit.modifynode.BinaryOperatorReplacement  quixbugs/faulty_programs/FIND_IN_SORTED.java:48 LESS -> GREATER |","true","false","1.717331","13.0","8.0"
"faulty_programs.FIND_IN_SORTED.faulty_programs.FIND_IN_SORTED.binsearch(int[],int,int,int)","| gin.edit.statement.SwapStatement quixbugs/faulty_programs/FIND_IN_SORTED.java:20 <-> quixbugs/faulty_programs/FIND_IN_SORTED.java:27 | gin.edit.statement.ReplaceStatement quixbugs/faulty_programs/FIND_IN_SORTED.java:78 -> quixbugs/faulty_programs/FIND_IN_SORTED.java:78 | gin.edit.statement.SwapStatement quixbugs/faulty_programs/FIND_IN_SORTED.java:47 <-> quixbugs/faulty_programs/FIND_IN_SORTED.java:20 |","true","false","1.654383","11.0","6.0"
"faulty_programs.FIND_IN_SORTED.faulty_programs.FIND_IN_SORTED.binsearch(int[],int,int,int)","| gin.edit.statement.SwapStatement quixbugs/faulty_programs/FIND_IN_SORTED.java:57 <-> quixbugs/faulty_programs/FIND_IN_SORTED.java:47 | gin.edit.modifynode.SwapExpression quixbugs/faulty_programs/FIND_IN_SORTED.java:29 <-> quixbugs/faulty_programs/FIND_IN_SORTED.java:62 | gin.edit.statement.ReplaceStatement quixbugs/faulty_programs/FIND_IN_SORTED.java:78 -> quixbugs/faulty_programs/FIND_IN_SORTED.java:78 | gin.edit.statement.SwapStatement quixbugs/faulty_programs/FIND_IN_SORTED.java:90 <-> quixbugs/faulty_programs/FIND_IN_SORTED.java:57 | gin.edit.statement.CopyStatement quixbugs/faulty_programs/FIND_IN_SORTED.java:103 -> quixbugs/faulty_programs/FIND_IN_SORTED.java:27:27 |","false","false","0.0","0.0","-5.0"
"faulty_programs.FIND_IN_SORTED.faulty_programs.FIND_IN_SORTED.binsearch(int[],int,int,int)","| gin.edit.statement.SwapStatement quixbugs/faulty_programs/FIND_IN_SORTED.java:20 <-> quixbugs/faulty_programs/FIND_IN_SORTED.java:27 | gin.edit.statement.CopyStatement quixbugs/faulty_programs/FIND_IN_SORTED.java:20 -> quixbugs/faulty_programs/FIND_IN_SORTED.java:27:28 | gin.edit.modifynode.SwapExpression quixbugs/faulty_programs/FIND_IN_SORTED.java:54 <-> quixbugs/faulty_programs/FIND_IN_SORTED.java:81 | gin.edit.modifynode.UnaryOperatorReplacement  quixbugs/faulty_programs/FIND_IN_SORTED.java:29 MINUS -> PLUS | gin.edit.modifynode.UnaryOperatorReplacement  quixbugs/faulty_programs/FIND_IN_SORTED.java:29 MINUS -> BITWISE_COMPLEMENT |","true","false","1.865643","11.0","6.0"
"faulty_programs.FIND_IN_SORTED.faulty_programs.FIND_IN_SORTED.binsearch(int[],int,int,int)","| gin.edit.statement.ReplaceStatement quixbugs/faulty_programs/FIND_IN_SORTED.java:78 -> quixbugs/faulty_programs/FIND_IN_SORTED.java:78 | gin.edit.statement.SwapStatement quixbugs/faulty_programs/FIND_IN_SORTED.java:90 <-> quixbugs/faulty_programs/FIND_IN_SORTED.java:57 | gin.edit.statement.SwapStatement quixbugs/faulty_programs/FIND_IN_SORTED.java:20 <-> quixbugs/faulty_programs/FIND_IN_SORTED.java:27 | gin.edit.statement.CopyStatement quixbugs/faulty_programs/FIND_IN_SORTED.java:20 -> quixbugs/faulty_programs/FIND_IN_SORTED.java:27:28 | gin.edit.modifynode.UnaryOperatorReplacement  quixbugs/faulty_programs/FIND_IN_SORTED.java:29 MINUS -> PLUS | gin.edit.modifynode.SwapExpression quixbugs/faulty_programs/FIND_IN_SORTED.java:60 <-> quixbugs/faulty_programs/FIND_IN_SORTED.java:40 |","true","false","1.647356","11.0","6.0"
"faulty_programs.FIND_IN_SORTED.faulty_programs.FIND_IN_SORTED.binsearch(int[],int,int,int)","| gin.edit.modifynode.SwapExpression quixbugs/faulty_programs/FIND_IN_SORTED.java:54 <-> quixbugs/faulty_programs/FIND_IN_SORTED.java:81 | gin.edit.statement.SwapStatement quixbugs/faulty_programs/FIND_IN_SORTED.java:57 <-> quixbugs/faulty_programs/FIND_IN_SORTED.java:47 | gin.edit.modifynode.SwapExpression quixbugs/faulty_programs/FIND_IN_SORTED.java:29 <-> quixbugs/faulty_programs/FIND_IN_SORTED.java:62 | gin.edit.statement.CopyStatement quixbugs/faulty_programs/FIND_IN_SORTED.java:68 -> quixbugs/faulty_programs/FIND_IN_SORTED.java:77:77 |","true","false","1.595178","11.0","6.0"
"faulty_programs.FIND_IN_SORTED.faulty_programs.FIND_IN_SORTED.binsearch(int[],int,int,int)","| gin.edit.statement.SwapStatement quixbugs/faulty_programs/FIND_IN_SORTED.java:57 <-> quixbugs/faulty_programs/FIND_IN_SORTED.java:47 | gin.edit.modifynode.ReplaceExpression quixbugs/faulty_programs/FIND_IN_SORTED.java:69 -> quixbugs/faulty_programs/FIND_IN_SORTED.java:36 | gin.edit.modifynode.ReplaceExpression quixbugs/faulty_programs/FIND_IN_SORTED.java:85 -> quixbugs/faulty_programs/FIND_IN_SORTED.java:85 | gin.edit.statement.DeleteStatement quixbugs/faulty_programs/FIND_IN_SORTED.java:57 |","true","false","1.623407","11.0","6.0"
"faulty_programs.FIND_IN_SORTED.faulty_programs.FIND_IN_SORTED.binsearch(int[],int,int,int)","| gin.edit.modifynode.SwapExpression quixbugs/faulty_programs/FIND_IN_SORTED.java:54 <-> quixbugs/faulty_programs/FIND_IN_SORTED.java:81 | gin.edit.statement.SwapStatement quixbugs/faulty_programs/FIND_IN_SORTED.java:20 <-> quixbugs/faulty_programs/FIND_IN_SORTED.java:27 | gin.edit.modifynode.UnaryOperatorReplacement  quixbugs/faulty_programs/FIND_IN_SORTED.java:29 MINUS -> LOGICAL_COMPLEMENT | gin.edit.statement.ReplaceStatement quixbugs/faulty_programs/FIND_IN_SORTED.java:27 -> quixbugs/faulty_programs/FIND_IN_SORTED.java:31 | gin.edit.statement.ReplaceStatement quixbugs/faulty_programs/FIND_IN_SORTED.java:103 -> quixbugs/faulty_programs/FIND_IN_SORTED.java:78 |","true","false","1.837456","11.0","6.0"
"faulty_programs.FIND_IN_SORTED.faulty_programs.FIND_IN_SORTED.binsearch(int[],int,int,int)","| gin.edit.modifynode.ReplaceExpression quixbugs/faulty_programs/FIND_IN_SORTED.java:85 -> quixbugs/faulty_programs/FIND_IN_SORTED.java:85 | gin.edit.statement.SwapStatement quixbugs/faulty_programs/FIND_IN_SORTED.java:20 <-> quixbugs/faulty_programs/FIND_IN_SORTED.java:27 | gin.edit.modifynode.UnaryOperatorReplacement  quixbugs/faulty_programs/FIND_IN_SORTED.java:29 MINUS -> LOGICAL_COMPLEMENT | gin.edit.statement.ReplaceStatement quixbugs/faulty_programs/FIND_IN_SORTED.java:27 -> quixbugs/faulty_programs/FIND_IN_SORTED.java:31 | gin.edit.statement.ReplaceStatement quixbugs/faulty_programs/FIND_IN_SORTED.java:21 -> quixbugs/faulty_programs/FIND_IN_SORTED.java:56 |","true","false","11.566065","11.0","6.0"
"faulty_programs.FIND_IN_SORTED.faulty_programs.FIND_IN_SORTED.binsearch(int[],int,int,int)","| gin.edit.modifynode.SwapExpression quixbugs/faulty_programs/FIND_IN_SORTED.java:54 <-> quixbugs/faulty_programs/FIND_IN_SORTED.java:81 | gin.edit.statement.SwapStatement quixbugs/faulty_programs/FIND_IN_SORTED.java:20 <-> quixbugs/faulty_programs/FIND_IN_SORTED.java:27 | gin.edit.modifynode.UnaryOperatorReplacement  quixbugs/faulty_programs/FIND_IN_SORTED.java:29 MINUS -> LOGICAL_COMPLEMENT | gin.edit.statement.ReplaceStatement quixbugs/faulty_programs/FIND_IN_SORTED.java:27 -> quixbugs/faulty_programs/FIND_IN_SORTED.java:31 | gin.edit.modifynode.ReplaceExpression quixbugs/faulty_programs/FIND_IN_SORTED.java:69 -> quixbugs/faulty_programs/FIND_IN_SORTED.java:36 | gin.edit.modifynode.ReplaceExpression quixbugs/faulty_programs/FIND_IN_SORTED.java:40 -> quixbugs/faulty_programs/FIND_IN_SORTED.java:32 |","true","false","1.788363","11.0","6.0"
"faulty_programs.FIND_IN_SORTED.faulty_programs.FIND_IN_SORTED.binsearch(int[],int,int,int)","| gin.edit.statement.SwapStatement quixbugs/faulty_programs/FIND_IN_SORTED.java:57 <-> quixbugs/faulty_programs/FIND_IN_SORTED.java:47 | gin.edit.statement.SwapStatement quixbugs/faulty_programs/FIND_IN_SORTED.java:68 <-> quixbugs/faulty_programs/FIND_IN_SORTED.java:27 | gin.edit.statement.SwapStatement quixbugs/faulty_programs/FIND_IN_SORTED.java:20 <-> quixbugs/faulty_programs/FIND_IN_SORTED.java:27 | gin.edit.modifynode.UnaryOperatorReplacement  quixbugs/faulty_programs/FIND_IN_SORTED.java:29 MINUS -> LOGICAL_COMPLEMENT | gin.edit.statement.SwapStatement quixbugs/faulty_programs/FIND_IN_SORTED.java:89 <-> quixbugs/faulty_programs/FIND_IN_SORTED.java:78 | gin.edit.modifynode.UnaryOperatorReplacement  quixbugs/faulty_programs/FIND_IN_SORTED.java:29 MINUS -> PLUS |","true","false","1.55931","11.0","6.0"
"faulty_programs.FIND_IN_SORTED.faulty_programs.FIND_IN_SORTED.binsearch(int[],int,int,int)","| gin.edit.statement.SwapStatement quixbugs/faulty_programs/FIND_IN_SORTED.java:57 <-> quixbugs/faulty_programs/FIND_IN_SORTED.java:47 | gin.edit.statement.SwapStatement quixbugs/faulty_programs/FIND_IN_SORTED.java:68 <-> quixbugs/faulty_programs/FIND_IN_SORTED.java:27 | gin.edit.statement.SwapStatement quixbugs/faulty_programs/FIND_IN_SORTED.java:20 <-> quixbugs/faulty_programs/FIND_IN_SORTED.java:27 | gin.edit.modifynode.UnaryOperatorReplacement  quixbugs/faulty_programs/FIND_IN_SORTED.java:29 MINUS -> LOGICAL_COMPLEMENT | gin.edit.statement.SwapStatement quixbugs/faulty_programs/FIND_IN_SORTED.java:89 <-> quixbugs/faulty_programs/FIND_IN_SORTED.java:78 | gin.edit.statement.SwapStatement quixbugs/faulty_programs/FIND_IN_SORTED.java:21 <-> quixbugs/faulty_programs/FIND_IN_SORTED.java:27 |","true","false","1.784822","11.0","6.0"
"faulty_programs.FIND_IN_SORTED.faulty_programs.FIND_IN_SORTED.binsearch(int[],int,int,int)","| gin.edit.statement.SwapStatement quixbugs/faulty_programs/FIND_IN_SORTED.java:57 <-> quixbugs/faulty_programs/FIND_IN_SORTED.java:47 | gin.edit.statement.SwapStatement quixbugs/faulty_programs/FIND_IN_SORTED.java:68 <-> quixbugs/faulty_programs/FIND_IN_SORTED.java:27 | gin.edit.modifynode.UnaryOperatorReplacement  quixbugs/faulty_programs/FIND_IN_SORTED.java:29 MINUS -> LOGICAL_COMPLEMENT | gin.edit.statement.SwapStatement quixbugs/faulty_programs/FIND_IN_SORTED.java:89 <-> quixbugs/faulty_programs/FIND_IN_SORTED.java:78 | gin.edit.statement.SwapStatement quixbugs/faulty_programs/FIND_IN_SORTED.java:68 <-> quixbugs/faulty_programs/FIND_IN_SORTED.java:27 | gin.edit.statement.SwapStatement quixbugs/faulty_programs/FIND_IN_SORTED.java:20 <-> quixbugs/faulty_programs/FIND_IN_SORTED.java:27 | gin.edit.statement.DeleteStatement quixbugs/faulty_programs/FIND_IN_SORTED.java:31 |","false","false","0.0","0.0","-5.0"
"faulty_programs.FIND_IN_SORTED.faulty_programs.FIND_IN_SORTED.binsearch(int[],int,int,int)","| gin.edit.statement.SwapStatement quixbugs/faulty_programs/FIND_IN_SORTED.java:68 <-> quixbugs/faulty_programs/FIND_IN_SORTED.java:27 | gin.edit.statement.SwapStatement quixbugs/faulty_programs/FIND_IN_SORTED.java:89 <-> quixbugs/faulty_programs/FIND_IN_SORTED.java:78 | gin.edit.statement.SwapStatement quixbugs/faulty_programs/FIND_IN_SORTED.java:57 <-> quixbugs/faulty_programs/FIND_IN_SORTED.java:47 | gin.edit.modifynode.UnaryOperatorReplacement  quixbugs/faulty_programs/FIND_IN_SORTED.java:29 MINUS -> LOGICAL_COMPLEMENT | gin.edit.statement.SwapStatement quixbugs/faulty_programs/FIND_IN_SORTED.java:89 <-> quixbugs/faulty_programs/FIND_IN_SORTED.java:78 | gin.edit.modifynode.SwapExpression quixbugs/faulty_programs/FIND_IN_SORTED.java:37 <-> quixbugs/faulty_programs/FIND_IN_SORTED.java:83 |","false","false","0.0","0.0","-5.0"
"faulty_programs.FIND_IN_SORTED.faulty_programs.FIND_IN_SORTED.binsearch(int[],int,int,int)","| gin.edit.statement.SwapStatement quixbugs/faulty_programs/FIND_IN_SORTED.java:57 <-> quixbugs/faulty_programs/FIND_IN_SORTED.java:47 | gin.edit.modifynode.SwapExpression quixbugs/faulty_programs/FIND_IN_SORTED.java:54 <-> quixbugs/faulty_programs/FIND_IN_SORTED.java:81 | gin.edit.modifynode.SwapExpression quixbugs/faulty_programs/FIND_IN_SORTED.java:40 <-> quixbugs/faulty_programs/FIND_IN_SORTED.java:54 | gin.edit.modifynode.UnaryOperatorReplacement  quixbugs/faulty_programs/FIND_IN_SORTED.java:29 MINUS -> PLUS |","true","false","1.695381","0.0","-5.0"
"faulty_programs.FIND_IN_SORTED.faulty_programs.FIND_IN_SORTED.binsearch(int[],int,int,int)","| gin.edit.statement.SwapStatement quixbugs/faulty_programs/FIND_IN_SORTED.java:20 <-> quixbugs/faulty_programs/FIND_IN_SORTED.java:27 | gin.edit.statement.CopyStatement quixbugs/faulty_programs/FIND_IN_SORTED.java:20 -> quixbugs/faulty_programs/FIND_IN_SORTED.java:27:28 | gin.edit.statement.CopyStatement quixbugs/faulty_programs/FIND_IN_SORTED.java:89 -> quixbugs/faulty_programs/FIND_IN_SORTED.java:89:89 | gin.edit.statement.CopyStatement quixbugs/faulty_programs/FIND_IN_SORTED.java:47 -> quixbugs/faulty_programs/FIND_IN_SORTED.java:20:31 |","true","false","1.840939","11.0","6.0"
"faulty_programs.FIND_IN_SORTED.faulty_programs.FIND_IN_SORTED.binsearch(int[],int,int,int)","| gin.edit.statement.SwapStatement quixbugs/faulty_programs/FIND_IN_SORTED.java:57 <-> quixbugs/faulty_programs/FIND_IN_SORTED.java:47 | gin.edit.modifynode.SwapExpression quixbugs/faulty_programs/FIND_IN_SORTED.java:54 <-> quixbugs/faulty_programs/FIND_IN_SORTED.java:81 | gin.edit.statement.CopyStatement quixbugs/faulty_programs/FIND_IN_SORTED.java:20 -> quixbugs/faulty_programs/FIND_IN_SORTED.java:27:28 | gin.edit.statement.SwapStatement quixbugs/faulty_programs/FIND_IN_SORTED.java:68 <-> quixbugs/faulty_programs/FIND_IN_SORTED.java:78 |","false","false","0.0","0.0","-5.0"
"faulty_programs.FIND_IN_SORTED.faulty_programs.FIND_IN_SORTED.binsearch(int[],int,int,int)","| gin.edit.statement.SwapStatement quixbugs/faulty_programs/FIND_IN_SORTED.java:20 <-> quixbugs/faulty_programs/FIND_IN_SORTED.java:27 | gin.edit.statement.CopyStatement quixbugs/faulty_programs/FIND_IN_SORTED.java:20 -> quixbugs/faulty_programs/FIND_IN_SORTED.java:27:28 | gin.edit.statement.CopyStatement quixbugs/faulty_programs/FIND_IN_SORTED.java:89 -> quixbugs/faulty_programs/FIND_IN_SORTED.java:89:89 | gin.edit.modifynode.SwapExpression quixbugs/faulty_programs/FIND_IN_SORTED.java:54 <-> quixbugs/faulty_programs/FIND_IN_SORTED.java:81 | gin.edit.statement.DeleteStatement quixbugs/faulty_programs/FIND_IN_SORTED.java:27 |","true","false","1.714902","11.0","6.0"
"faulty_programs.FIND_IN_SORTED.faulty_programs.FIND_IN_SORTED.binsearch(int[],int,int,int)","| gin.edit.statement.SwapStatement quixbugs/faulty_programs/FIND_IN_SORTED.java:57 <-> quixbugs/faulty_programs/FIND_IN_SORTED.java:47 | gin.edit.modifynode.SwapExpression quixbugs/faulty_programs/FIND_IN_SORTED.java:54 <-> quixbugs/faulty_programs/FIND_IN_SORTED.java:81 | gin.edit.modifynode.ReplaceExpression quixbugs/faulty_programs/FIND_IN_SORTED.java:73 -> quixbugs/faulty_programs/FIND_IN_SORTED.java:51 | gin.edit.modifynode.BinaryOperatorReplacement  quixbugs/faulty_programs/FIND_IN_SORTED.java:36 PLUS -> REMAINDER |","true","false","1.615915","11.0","6.0"
"faulty_programs.FIND_IN_SORTED.faulty_programs.FIND_IN_SORTED.binsearch(int[],int,int,int)","| gin.edit.statement.SwapStatement quixbugs/faulty_programs/FIND_IN_SORTED.java:20 <-> quixbugs/faulty_programs/FIND_IN_SORTED.java:27 | gin.edit.modifynode.UnaryOperatorReplacement  quixbugs/faulty_programs/FIND_IN_SORTED.java:29 MINUS -> LOGICAL_COMPLEMENT | gin.edit.statement.SwapStatement quixbugs/faulty_programs/FIND_IN_SORTED.java:21 <-> quixbugs/faulty_programs/FIND_IN_SORTED.java:31 | gin.edit.modifynode.UnaryOperatorReplacement  quixbugs/faulty_programs/FIND_IN_SORTED.java:29 MINUS -> PLUS |","true","false","1.698176","11.0","6.0"
"faulty_programs.FIND_IN_SORTED.faulty_programs.FIND_IN_SORTED.binsearch(int[],int,int,int)","| gin.edit.modifynode.SwapExpression quixbugs/faulty_programs/FIND_IN_SORTED.java:54 <-> quixbugs/faulty_programs/FIND_IN_SORTED.java:81 | gin.edit.statement.SwapStatement quixbugs/faulty_programs/FIND_IN_SORTED.java:20 <-> quixbugs/faulty_programs/FIND_IN_SORTED.java:27 | gin.edit.modifynode.UnaryOperatorReplacement  quixbugs/faulty_programs/FIND_IN_SORTED.java:29 MINUS -> LOGICAL_COMPLEMENT | gin.edit.statement.ReplaceStatement quixbugs/faulty_programs/FIND_IN_SORTED.java:27 -> quixbugs/faulty_programs/FIND_IN_SORTED.java:68 |","true","false","1.679642","11.0","6.0"
"faulty_programs.FIND_IN_SORTED.faulty_programs.FIND_IN_SORTED.binsearch(int[],int,int,int)","| gin.edit.statement.SwapStatement quixbugs/faulty_programs/FIND_IN_SORTED.java:21 <-> quixbugs/faulty_programs/FIND_IN_SORTED.java:31 | gin.edit.modifynode.SwapExpression quixbugs/faulty_programs/FIND_IN_SORTED.java:54 <-> quixbugs/faulty_programs/FIND_IN_SORTED.java:81 | gin.edit.modifynode.ReplaceExpression quixbugs/faulty_programs/FIND_IN_SORTED.java:25 -> quixbugs/faulty_programs/FIND_IN_SORTED.java:32 |","false","false","0.0","0.0","-5.0"
"faulty_programs.FIND_IN_SORTED.faulty_programs.FIND_IN_SORTED.binsearch(int[],int,int,int)","| gin.edit.statement.SwapStatement quixbugs/faulty_programs/FIND_IN_SORTED.java:57 <-> quixbugs/faulty_programs/FIND_IN_SORTED.java:47 | gin.edit.statement.DeleteStatement quixbugs/faulty_programs/FIND_IN_SORTED.java:68 | gin.edit.modifynode.ReplaceExpression quixbugs/faulty_programs/FIND_IN_SORTED.java:64 -> quixbugs/faulty_programs/FIND_IN_SORTED.java:60 | gin.edit.modifynode.ReplaceExpression quixbugs/faulty_programs/FIND_IN_SORTED.java:75 -> quixbugs/faulty_programs/FIND_IN_SORTED.java:58 |","true","false","1.58204","11.0","6.0"
"faulty_programs.FIND_IN_SORTED.faulty_programs.FIND_IN_SORTED.binsearch(int[],int,int,int)","| gin.edit.statement.SwapStatement quixbugs/faulty_programs/FIND_IN_SORTED.java:20 <-> quixbugs/faulty_programs/FIND_IN_SORTED.java:27 | gin.edit.statement.SwapStatement quixbugs/faulty_programs/FIND_IN_SORTED.java:20 <-> quixbugs/faulty_programs/FIND_IN_SORTED.java:27 | gin.edit.modifynode.BinaryOperatorReplacement  quixbugs/faulty_programs/FIND_IN_SORTED.java:36 PLUS -> LEFT_SHIFT | gin.edit.statement.ReplaceStatement quixbugs/faulty_programs/FIND_IN_SORTED.java:57 -> quixbugs/faulty_programs/FIND_IN_SORTED.java:68 |","true","false","1.681677","11.0","6.0"
"faulty_programs.FIND_IN_SORTED.faulty_programs.FIND_IN_SORTED.binsearch(int[],int,int,int)","| gin.edit.statement.DeleteStatement quixbugs/faulty_programs/FIND_IN_SORTED.java:68 | gin.edit.modifynode.ReplaceExpression quixbugs/faulty_programs/FIND_IN_SORTED.java:64 -> quixbugs/faulty_programs/FIND_IN_SORTED.java:60 | gin.edit.statement.CopyStatement quixbugs/faulty_programs/FIND_IN_SORTED.java:103 -> quixbugs/faulty_programs/FIND_IN_SORTED.java:20:47 |","false","false","0.0","0.0","-5.0"
"faulty_programs.FIND_IN_SORTED.faulty_programs.FIND_IN_SORTED.binsearch(int[],int,int,int)","| gin.edit.statement.SwapStatement quixbugs/faulty_programs/FIND_IN_SORTED.java:20 <-> quixbugs/faulty_programs/FIND_IN_SORTED.java:27 | gin.edit.modifynode.BinaryOperatorReplacement  quixbugs/faulty_programs/FIND_IN_SORTED.java:36 PLUS -> LEFT_SHIFT | gin.edit.statement.SwapStatement quixbugs/faulty_programs/FIND_IN_SORTED.java:57 <-> quixbugs/faulty_programs/FIND_IN_SORTED.java:47 | gin.edit.statement.DeleteStatement quixbugs/faulty_programs/FIND_IN_SORTED.java:68 | gin.edit.modifynode.ReplaceExpression quixbugs/faulty_programs/FIND_IN_SORTED.java:64 -> quixbugs/faulty_programs/FIND_IN_SORTED.java:60 | gin.edit.modifynode.SwapExpression quixbugs/faulty_programs/FIND_IN_SORTED.java:69 <-> quixbugs/faulty_programs/FIND_IN_SORTED.java:66 |","true","false","1.534065","11.0","6.0"
"faulty_programs.FIND_IN_SORTED.faulty_programs.FIND_IN_SORTED.binsearch(int[],int,int,int)","| gin.edit.statement.SwapStatement quixbugs/faulty_programs/FIND_IN_SORTED.java:57 <-> quixbugs/faulty_programs/FIND_IN_SORTED.java:47 | gin.edit.statement.SwapStatement quixbugs/faulty_programs/FIND_IN_SORTED.java:68 <-> quixbugs/faulty_programs/FIND_IN_SORTED.java:27 | gin.edit.statement.CopyStatement quixbugs/faulty_programs/FIND_IN_SORTED.java:47 -> quixbugs/faulty_programs/FIND_IN_SORTED.java:20:20 | gin.edit.modifynode.BinaryOperatorReplacement  quixbugs/faulty_programs/FIND_IN_SORTED.java:36 PLUS -> MINUS |","true","false","1.500729","11.0","6.0"
"faulty_programs.FIND_IN_SORTED.faulty_programs.FIND_IN_SORTED.binsearch(int[],int,int,int)","| gin.edit.statement.SwapStatement quixbugs/faulty_programs/FIND_IN_SORTED.java:20 <-> quixbugs/faulty_programs/FIND_IN_SORTED.java:27 | gin.edit.modifynode.UnaryOperatorReplacement  quixbugs/faulty_programs/FIND_IN_SORTED.java:29 MINUS -> LOGICAL_COMPLEMENT | gin.edit.modifynode.ReplaceExpression quixbugs/faulty_programs/FIND_IN_SORTED.java:42 -> quixbugs/faulty_programs/FIND_IN_SORTED.java:66 | gin.edit.statement.CopyStatement quixbugs/faulty_programs/FIND_IN_SORTED.java:56 -> quixbugs/faulty_programs/FIND_IN_SORTED.java:27:27 |","true","false","1.416137","11.0","6.0"
"faulty_programs.FIND_IN_SORTED.faulty_programs.FIND_IN_SORTED.binsearch(int[],int,int,int)","| gin.edit.statement.SwapStatement quixbugs/faulty_programs/FIND_IN_SORTED.java:20 <-> quixbugs/faulty_programs/FIND_IN_SORTED.java:27 | gin.edit.modifynode.ReplaceExpression quixbugs/faulty_programs/FIND_IN_SORTED.java:42 -> quixbugs/faulty_programs/FIND_IN_SORTED.java:66 | gin.edit.statement.CopyStatement quixbugs/faulty_programs/FIND_IN_SORTED.java:89 -> quixbugs/faulty_programs/FIND_IN_SORTED.java:56:57 |","true","false","1.530824","11.0","6.0"
"faulty_programs.FIND_IN_SORTED.faulty_programs.FIND_IN_SORTED.binsearch(int[],int,int,int)","| gin.edit.modifynode.UnaryOperatorReplacement  quixbugs/faulty_programs/FIND_IN_SORTED.java:29 MINUS -> LOGICAL_COMPLEMENT | gin.edit.modifynode.ReplaceExpression quixbugs/faulty_programs/FIND_IN_SORTED.java:42 -> quixbugs/faulty_programs/FIND_IN_SORTED.java:66 | gin.edit.statement.SwapStatement quixbugs/faulty_programs/FIND_IN_SORTED.java:57 <-> quixbugs/faulty_programs/FIND_IN_SORTED.java:47 | gin.edit.statement.CopyStatement quixbugs/faulty_programs/FIND_IN_SORTED.java:47 -> quixbugs/faulty_programs/FIND_IN_SORTED.java:20:20 | gin.edit.modifynode.BinaryOperatorReplacement  quixbugs/faulty_programs/FIND_IN_SORTED.java:36 PLUS -> LEFT_SHIFT |","false","false","0.0","0.0","-5.0"
"faulty_programs.FIND_IN_SORTED.faulty_programs.FIND_IN_SORTED.binsearch(int[],int,int,int)","| gin.edit.statement.SwapStatement quixbugs/faulty_programs/FIND_IN_SORTED.java:57 <-> quixbugs/faulty_programs/FIND_IN_SORTED.java:47 | gin.edit.modifynode.SwapExpression quixbugs/faulty_programs/FIND_IN_SORTED.java:54 <-> quixbugs/faulty_programs/FIND_IN_SORTED.java:81 | gin.edit.modifynode.ReplaceExpression quixbugs/faulty_programs/FIND_IN_SORTED.java:73 -> quixbugs/faulty_programs/FIND_IN_SORTED.java:51 | gin.edit.statement.SwapStatement quixbugs/faulty_programs/FIND_IN_SORTED.java:77 <-> quixbugs/faulty_programs/FIND_IN_SORTED.java:20 |","true","false","1.576997","11.0","6.0"
"faulty_programs.FIND_IN_SORTED.faulty_programs.FIND_IN_SORTED.binsearch(int[],int,int,int)","| gin.edit.statement.SwapStatement quixbugs/faulty_programs/FIND_IN_SORTED.java:57 <-> quixbugs/faulty_programs/FIND_IN_SORTED.java:47 | gin.edit.statement.DeleteStatement quixbugs/faulty_programs/FIND_IN_SORTED.java:68 | gin.edit.modifynode.ReplaceExpression quixbugs/faulty_programs/FIND_IN_SORTED.java:52 -> quixbugs/faulty_programs/FIND_IN_SORTED.java:79 | gin.edit.statement.DeleteStatement quixbugs/faulty_programs/FIND_IN_SORTED.java:78 |","true","false","1.6304","11.0","6.0"
"faulty_programs.FIND_IN_SORTED.faulty_programs.FIND_IN_SORTED.binsearch(int[],int,int,int)","| gin.edit.statement.SwapStatement quixbugs/faulty_programs/FIND_IN_SORTED.java:57 <-> quixbugs/faulty_programs/FIND_IN_SORTED.java:47 | gin.edit.modifynode.SwapExpression quixbugs/faulty_programs/FIND_IN_SORTED.java:54 <-> quixbugs/faulty_programs/FIND_IN_SORTED.java:81 | gin.edit.statement.SwapStatement quixbugs/faulty_programs/FIND_IN_SORTED.java:57 <-> quixbugs/faulty_programs/FIND_IN_SORTED.java:47 | gin.edit.statement.DeleteStatement quixbugs/faulty_programs/FIND_IN_SORTED.java:68 | gin.edit.modifynode.ReplaceExpression quixbugs/faulty_programs/FIND_IN_SORTED.java:52 -> quixbugs/faulty_programs/FIND_IN_SORTED.java:79 | gin.edit.statement.SwapStatement quixbugs/faulty_programs/FIND_IN_SORTED.java:77 <-> quixbugs/faulty_programs/FIND_IN_SORTED.java:28 |","true","false","1.899237","11.0","6.0"
"faulty_programs.FIND_IN_SORTED.faulty_programs.FIND_IN_SORTED.binsearch(int[],int,int,int)","| gin.edit.statement.DeleteStatement quixbugs/faulty_programs/FIND_IN_SORTED.java:68 | gin.edit.modifynode.ReplaceExpression quixbugs/faulty_programs/FIND_IN_SORTED.java:52 -> quixbugs/faulty_programs/FIND_IN_SORTED.java:79 | gin.edit.statement.SwapStatement quixbugs/faulty_programs/FIND_IN_SORTED.java:57 <-> quixbugs/faulty_programs/FIND_IN_SORTED.java:47 | gin.edit.modifynode.SwapExpression quixbugs/faulty_programs/FIND_IN_SORTED.java:54 <-> quixbugs/faulty_programs/FIND_IN_SORTED.java:81 | gin.edit.statement.DeleteStatement quixbugs/faulty_programs/FIND_IN_SORTED.java:47 |","true","false","1.847319","11.0","6.0"
"faulty_programs.FIND_IN_SORTED.faulty_programs.FIND_IN_SORTED.binsearch(int[],int,int,int)","| gin.edit.statement.SwapStatement quixbugs/faulty_programs/FIND_IN_SORTED.java:57 <-> quixbugs/faulty_programs/FIND_IN_SORTED.java:47 | gin.edit.modifynode.SwapExpression quixbugs/faulty_programs/FIND_IN_SORTED.java:54 <-> quixbugs/faulty_programs/FIND_IN_SORTED.java:81 | gin.edit.modifynode.SwapExpression quixbugs/faulty_programs/FIND_IN_SORTED.java:40 <-> quixbugs/faulty_programs/FIND_IN_SORTED.java:54 | gin.edit.statement.SwapStatement quixbugs/faulty_programs/FIND_IN_SORTED.java:27 <-> quixbugs/faulty_programs/FIND_IN_SORTED.java:56 | gin.edit.statement.ReplaceStatement quixbugs/faulty_programs/FIND_IN_SORTED.java:31 -> quixbugs/faulty_programs/FIND_IN_SORTED.java:47 |","true","false","9.748474","11.0","6.0"
"faulty_programs.FIND_IN_SORTED.faulty_programs.FIND_IN_SORTED.binsearch(int[],int,int,int)","| gin.edit.modifynode.BinaryOperatorReplacement  quixbugs/faulty_programs/FIND_IN_SORTED.java:48 LESS -> GREATER | gin.edit.statement.DeleteStatement quixbugs/faulty_programs/FIND_IN_SORTED.java:28 |","true","false","9.479097","3.0","-2.0"
"faulty_programs.FIND_IN_SORTED.faulty_programs.FIND_IN_SORTED.binsearch(int[],int,int,int)","| gin.edit.modifynode.SwapExpression quixbugs/faulty_programs/FIND_IN_SORTED.java:54 <-> quixbugs/faulty_programs/FIND_IN_SORTED.java:81 | gin.edit.modifynode.SwapExpression quixbugs/faulty_programs/FIND_IN_SORTED.java:40 <-> quixbugs/faulty_programs/FIND_IN_SORTED.java:54 | gin.edit.modifynode.BinaryOperatorReplacement  quixbugs/faulty_programs/FIND_IN_SORTED.java:48 LESS -> GREATER | gin.edit.modifynode.SwapExpression quixbugs/faulty_programs/FIND_IN_SORTED.java:70 <-> quixbugs/faulty_programs/FIND_IN_SORTED.java:60 |","false","false","0.0","0.0","-5.0"
"faulty_programs.FIND_IN_SORTED.faulty_programs.FIND_IN_SORTED.binsearch(int[],int,int,int)","| gin.edit.modifynode.SwapExpression quixbugs/faulty_programs/FIND_IN_SORTED.java:54 <-> quixbugs/faulty_programs/FIND_IN_SORTED.java:81 | gin.edit.modifynode.SwapExpression quixbugs/faulty_programs/FIND_IN_SORTED.java:40 <-> quixbugs/faulty_programs/FIND_IN_SORTED.java:54 | gin.edit.statement.SwapStatement quixbugs/faulty_programs/FIND_IN_SORTED.java:27 <-> quixbugs/faulty_programs/FIND_IN_SORTED.java:56 | gin.edit.statement.ReplaceStatement quixbugs/faulty_programs/FIND_IN_SORTED.java:31 -> quixbugs/faulty_programs/FIND_IN_SORTED.java:77 |","false","false","0.0","0.0","-5.0"
"faulty_programs.FIND_IN_SORTED.faulty_programs.FIND_IN_SORTED.binsearch(int[],int,int,int)","| gin.edit.statement.SwapStatement quixbugs/faulty_programs/FIND_IN_SORTED.java:20 <-> quixbugs/faulty_programs/FIND_IN_SORTED.java:27 | gin.edit.modifynode.ReplaceExpression quixbugs/faulty_programs/FIND_IN_SORTED.java:42 -> quixbugs/faulty_programs/FIND_IN_SORTED.java:66 | gin.edit.statement.CopyStatement quixbugs/faulty_programs/FIND_IN_SORTED.java:89 -> quixbugs/faulty_programs/FIND_IN_SORTED.java:56:57 | gin.edit.modifynode.BinaryOperatorReplacement  quixbugs/faulty_programs/FIND_IN_SORTED.java:48 LESS -> EQUALS |","true","false","1.480721","11.0","6.0"
"faulty_programs.FIND_IN_SORTED.faulty_programs.FIND_IN_SORTED.binsearch(int[],int,int,int)","| gin.edit.statement.SwapStatement quixbugs/faulty_programs/FIND_IN_SORTED.java:57 <-> quixbugs/faulty_programs/FIND_IN_SORTED.java:47 | gin.edit.modifynode.SwapExpression quixbugs/faulty_programs/FIND_IN_SORTED.java:54 <-> quixbugs/faulty_programs/FIND_IN_SORTED.java:81 | gin.edit.modifynode.ReplaceExpression quixbugs/faulty_programs/FIND_IN_SORTED.java:73 -> quixbugs/faulty_programs/FIND_IN_SORTED.java:51 | gin.edit.statement.SwapStatement quixbugs/faulty_programs/FIND_IN_SORTED.java:77 <-> quixbugs/faulty_programs/FIND_IN_SORTED.java:20 | gin.edit.statement.ReplaceStatement quixbugs/faulty_programs/FIND_IN_SORTED.java:103 -> quixbugs/faulty_programs/FIND_IN_SORTED.java:57 |","true","false","1.658009","11.0","6.0"
"faulty_programs.FIND_IN_SORTED.faulty_programs.FIND_IN_SORTED.binsearch(int[],int,int,int)","| gin.edit.statement.SwapStatement quixbugs/faulty_programs/FIND_IN_SORTED.java:20 <-> quixbugs/faulty_programs/FIND_IN_SORTED.java:27 | gin.edit.modifynode.ReplaceExpression quixbugs/faulty_programs/FIND_IN_SORTED.java:42 -> quixbugs/faulty_programs/FIND_IN_SORTED.java:66 | gin.edit.modifynode.SwapExpression quixbugs/faulty_programs/FIND_IN_SORTED.java:30 <-> quixbugs/faulty_programs/FIND_IN_SORTED.java:70 |","true","false","1.587296","11.0","6.0"
"faulty_programs.FIND_IN_SORTED.faulty_programs.FIND_IN_SORTED.binsearch(int[],int,int,int)","| gin.edit.modifynode.SwapExpression quixbugs/faulty_programs/FIND_IN_SORTED.java:54 <-> quixbugs/faulty_programs/FIND_IN_SORTED.java:81 | gin.edit.modifynode.ReplaceExpression quixbugs/faulty_programs/FIND_IN_SORTED.java:73 -> quixbugs/faulty_programs/FIND_IN_SORTED.java:51 | gin.edit.statement.SwapStatement quixbugs/faulty_programs/FIND_IN_SORTED.java:77 <-> quixbugs/faulty_programs/FIND_IN_SORTED.java:20 | gin.edit.statement.SwapStatement quixbugs/faulty_programs/FIND_IN_SORTED.java:20 <-> quixbugs/faulty_programs/FIND_IN_SORTED.java:27 | gin.edit.statement.CopyStatement quixbugs/faulty_programs/FIND_IN_SORTED.java:57 -> quixbugs/faulty_programs/FIND_IN_SORTED.java:77:78 |","false","false","0.0","0.0","-5.0"
"faulty_programs.FIND_IN_SORTED.faulty_programs.FIND_IN_SORTED.binsearch(int[],int,int,int)","| gin.edit.modifynode.BinaryOperatorReplacement  quixbugs/faulty_programs/FIND_IN_SORTED.java:48 LESS -> GREATER | gin.edit.statement.SwapStatement quixbugs/faulty_programs/FIND_IN_SORTED.java:47 <-> quixbugs/faulty_programs/FIND_IN_SORTED.java:89 |","true","false","1.77813","3.0","-2.0"
"faulty_programs.FIND_IN_SORTED.faulty_programs.FIND_IN_SORTED.binsearch(int[],int,int,int)","| gin.edit.modifynode.BinaryOperatorReplacement  quixbugs/faulty_programs/FIND_IN_SORTED.java:48 LESS -> GREATER | gin.edit.modifynode.BinaryOperatorReplacement  quixbugs/faulty_programs/FIND_IN_SORTED.java:41 MINUS -> SIGNED_RIGHT_SHIFT |","true","false","1.782442","13.0","8.0"
"faulty_programs.FIND_IN_SORTED.faulty_programs.FIND_IN_SORTED.binsearch(int[],int,int,int)","| gin.edit.modifynode.BinaryOperatorReplacement  quixbugs/faulty_programs/FIND_IN_SORTED.java:48 LESS -> GREATER | gin.edit.modifynode.BinaryOperatorReplacement  quixbugs/faulty_programs/FIND_IN_SORTED.java:48 LESS -> GREATER | gin.edit.statement.CopyStatement quixbugs/faulty_programs/FIND_IN_SORTED.java:56 -> quixbugs/faulty_programs/FIND_IN_SORTED.java:89:89 |","false","false","0.0","0.0","-5.0"
"faulty_programs.FIND_IN_SORTED.faulty_programs.FIND_IN_SORTED.binsearch(int[],int,int,int)","| gin.edit.modifynode.BinaryOperatorReplacement  quixbugs/faulty_programs/FIND_IN_SORTED.java:48 LESS -> GREATER | gin.edit.modifynode.SwapExpression quixbugs/faulty_programs/FIND_IN_SORTED.java:39 <-> quixbugs/faulty_programs/FIND_IN_SORTED.java:75 |","false","false","0.0","0.0","-5.0"
"faulty_programs.FIND_IN_SORTED.faulty_programs.FIND_IN_SORTED.binsearch(int[],int,int,int)","| gin.edit.statement.SwapStatement quixbugs/faulty_programs/FIND_IN_SORTED.java:20 <-> quixbugs/faulty_programs/FIND_IN_SORTED.java:27 | gin.edit.statement.SwapStatement quixbugs/faulty_programs/FIND_IN_SORTED.java:20 <-> quixbugs/faulty_programs/FIND_IN_SORTED.java:27 | gin.edit.modifynode.BinaryOperatorReplacement  quixbugs/faulty_programs/FIND_IN_SORTED.java:36 PLUS -> LEFT_SHIFT | gin.edit.modifynode.SwapExpression quixbugs/faulty_programs/FIND_IN_SORTED.java:52 <-> quixbugs/faulty_programs/FIND_IN_SORTED.java:62 | gin.edit.statement.DeleteStatement quixbugs/faulty_programs/FIND_IN_SORTED.java:57 |","true","false","1.529014","11.0","6.0"
"faulty_programs.FIND_IN_SORTED.faulty_programs.FIND_IN_SORTED.binsearch(int[],int,int,int)","| gin.edit.statement.SwapStatement quixbugs/faulty_programs/FIND_IN_SORTED.java:20 <-> quixbugs/faulty_programs/FIND_IN_SORTED.java:27 | gin.edit.statement.CopyStatement quixbugs/faulty_programs/FIND_IN_SORTED.java:20 -> quixbugs/faulty_programs/FIND_IN_SORTED.java:27:28 | gin.edit.statement.CopyStatement quixbugs/faulty_programs/FIND_IN_SORTED.java:89 -> quixbugs/faulty_programs/FIND_IN_SORTED.java:89:89 | gin.edit.statement.CopyStatement quixbugs/faulty_programs/FIND_IN_SORTED.java:47 -> quixbugs/faulty_programs/FIND_IN_SORTED.java:20:31 | gin.edit.statement.DeleteStatement quixbugs/faulty_programs/FIND_IN_SORTED.java:78 |","true","false","1.491463","11.0","6.0"
"faulty_programs.FIND_IN_SORTED.faulty_programs.FIND_IN_SORTED.binsearch(int[],int,int,int)","| gin.edit.statement.SwapStatement quixbugs/faulty_programs/FIND_IN_SORTED.java:20 <-> quixbugs/faulty_programs/FIND_IN_SORTED.java:27 | gin.edit.modifynode.SwapExpression quixbugs/faulty_programs/FIND_IN_SORTED.java:52 <-> quixbugs/faulty_programs/FIND_IN_SORTED.java:62 | gin.edit.statement.CopyStatement quixbugs/faulty_programs/FIND_IN_SORTED.java:20 -> quixbugs/faulty_programs/FIND_IN_SORTED.java:27:28 | gin.edit.statement.CopyStatement quixbugs/faulty_programs/FIND_IN_SORTED.java:47 -> quixbugs/faulty_programs/FIND_IN_SORTED.java:20:31 | gin.edit.statement.SwapStatement quixbugs/faulty_programs/FIND_IN_SORTED.java:21 <-> quixbugs/faulty_programs/FIND_IN_SORTED.java:57 |","true","false","1.590895","11.0","6.0"
"faulty_programs.FIND_IN_SORTED.faulty_programs.FIND_IN_SORTED.binsearch(int[],int,int,int)","| gin.edit.statement.CopyStatement quixbugs/faulty_programs/FIND_IN_SORTED.java:20 -> quixbugs/faulty_programs/FIND_IN_SORTED.java:27:28 | gin.edit.statement.CopyStatement quixbugs/faulty_programs/FIND_IN_SORTED.java:47 -> quixbugs/faulty_programs/FIND_IN_SORTED.java:20:31 | gin.edit.statement.SwapStatement quixbugs/faulty_programs/FIND_IN_SORTED.java:20 <-> quixbugs/faulty_programs/FIND_IN_SORTED.java:27 | gin.edit.modifynode.BinaryOperatorReplacement  quixbugs/faulty_programs/FIND_IN_SORTED.java:36 PLUS -> LEFT_SHIFT | gin.edit.modifynode.SwapExpression quixbugs/faulty_programs/FIND_IN_SORTED.java:52 <-> quixbugs/faulty_programs/FIND_IN_SORTED.java:62 | gin.edit.statement.DeleteStatement quixbugs/faulty_programs/FIND_IN_SORTED.java:89 |","false","false","0.0","0.0","-5.0"
"faulty_programs.FIND_IN_SORTED.faulty_programs.FIND_IN_SORTED.binsearch(int[],int,int,int)","| gin.edit.statement.SwapStatement quixbugs/faulty_programs/FIND_IN_SORTED.java:57 <-> quixbugs/faulty_programs/FIND_IN_SORTED.java:47 | gin.edit.statement.DeleteStatement quixbugs/faulty_programs/FIND_IN_SORTED.java:68 | gin.edit.modifynode.ReplaceExpression quixbugs/faulty_programs/FIND_IN_SORTED.java:64 -> quixbugs/faulty_programs/FIND_IN_SORTED.java:60 | gin.edit.statement.DeleteStatement quixbugs/faulty_programs/FIND_IN_SORTED.java:78 | gin.edit.modifynode.UnaryOperatorReplacement  quixbugs/faulty_programs/FIND_IN_SORTED.java:29 MINUS -> PLUS |","true","false","1.91597","0.0","-5.0"
"faulty_programs.FIND_IN_SORTED.faulty_programs.FIND_IN_SORTED.binsearch(int[],int,int,int)","| gin.edit.statement.SwapStatement quixbugs/faulty_programs/FIND_IN_SORTED.java:57 <-> quixbugs/faulty_programs/FIND_IN_SORTED.java:47 | gin.edit.modifynode.SwapExpression quixbugs/faulty_programs/FIND_IN_SORTED.java:54 <-> quixbugs/faulty_programs/FIND_IN_SORTED.java:81 | gin.edit.statement.SwapStatement quixbugs/faulty_programs/FIND_IN_SORTED.java:57 <-> quixbugs/faulty_programs/FIND_IN_SORTED.java:47 | gin.edit.statement.DeleteStatement quixbugs/faulty_programs/FIND_IN_SORTED.java:68 | gin.edit.modifynode.ReplaceExpression quixbugs/faulty_programs/FIND_IN_SORTED.java:52 -> quixbugs/faulty_programs/FIND_IN_SORTED.java:79 | gin.edit.statement.SwapStatement quixbugs/faulty_programs/FIND_IN_SORTED.java:77 <-> quixbugs/faulty_programs/FIND_IN_SORTED.java:28 | gin.edit.statement.ReplaceStatement quixbugs/faulty_programs/FIND_IN_SORTED.java:104 -> quixbugs/faulty_programs/FIND_IN_SORTED.java:20 |","true","false","0.0","0.0","-5.0"
"faulty_programs.FIND_IN_SORTED.faulty_programs.FIND_IN_SORTED.binsearch(int[],int,int,int)","| gin.edit.modifynode.ReplaceExpression quixbugs/faulty_programs/FIND_IN_SORTED.java:64 -> quixbugs/faulty_programs/FIND_IN_SORTED.java:60 | gin.edit.statement.SwapStatement quixbugs/faulty_programs/FIND_IN_SORTED.java:57 <-> quixbugs/faulty_programs/FIND_IN_SORTED.java:47 | gin.edit.modifynode.SwapExpression quixbugs/faulty_programs/FIND_IN_SORTED.java:54 <-> quixbugs/faulty_programs/FIND_IN_SORTED.java:81 | gin.edit.statement.SwapStatement quixbugs/faulty_programs/FIND_IN_SORTED.java:57 <-> quixbugs/faulty_programs/FIND_IN_SORTED.java:47 | gin.edit.modifynode.ReplaceExpression quixbugs/faulty_programs/FIND_IN_SORTED.java:52 -> quixbugs/faulty_programs/FIND_IN_SORTED.java:79 | gin.edit.statement.SwapStatement quixbugs/faulty_programs/FIND_IN_SORTED.java:77 <-> quixbugs/faulty_programs/FIND_IN_SORTED.java:28 | gin.edit.statement.SwapStatement quixbugs/faulty_programs/FIND_IN_SORTED.java:78 <-> quixbugs/faulty_programs/FIND_IN_SORTED.java:57 |","false","false","0.0","0.0","-5.0"
"faulty_programs.FIND_IN_SORTED.faulty_programs.FIND_IN_SORTED.binsearch(int[],int,int,int)","| gin.edit.statement.SwapStatement quixbugs/faulty_programs/FIND_IN_SORTED.java:57 <-> quixbugs/faulty_programs/FIND_IN_SORTED.java:47 | gin.edit.statement.DeleteStatement quixbugs/faulty_programs/FIND_IN_SORTED.java:68 | gin.edit.modifynode.ReplaceExpression quixbugs/faulty_programs/FIND_IN_SORTED.java:52 -> quixbugs/faulty_programs/FIND_IN_SORTED.java:79 | gin.edit.modifynode.ReplaceExpression quixbugs/faulty_programs/FIND_IN_SORTED.java:37 -> quixbugs/faulty_programs/FIND_IN_SORTED.java:54 |","true","false","1.546268","11.0","6.0"
"faulty_programs.FIND_IN_SORTED.faulty_programs.FIND_IN_SORTED.binsearch(int[],int,int,int)","| gin.edit.statement.SwapStatement quixbugs/faulty_programs/FIND_IN_SORTED.java:57 <-> quixbugs/faulty_programs/FIND_IN_SORTED.java:47 | gin.edit.modifynode.SwapExpression quixbugs/faulty_programs/FIND_IN_SORTED.java:54 <-> quixbugs/faulty_programs/FIND_IN_SORTED.java:81 | gin.edit.modifynode.SwapExpression quixbugs/faulty_programs/FIND_IN_SORTED.java:40 <-> quixbugs/faulty_programs/FIND_IN_SORTED.java:54 | gin.edit.statement.SwapStatement quixbugs/faulty_programs/FIND_IN_SORTED.java:27 <-> quixbugs/faulty_programs/FIND_IN_SORTED.java:56 | gin.edit.modifynode.UnaryOperatorReplacement  quixbugs/faulty_programs/FIND_IN_SORTED.java:29 MINUS -> LOGICAL_COMPLEMENT |","false","false","0.0","0.0","-5.0"
"faulty_programs.FIND_IN_SORTED.faulty_programs.FIND_IN_SORTED.binsearch(int[],int,int,int)","| gin.edit.modifynode.SwapExpression quixbugs/faulty_programs/FIND_IN_SORTED.java:54 <-> quixbugs/faulty_programs/FIND_IN_SORTED.java:81 | gin.edit.statement.SwapStatement quixbugs/faulty_programs/FIND_IN_SORTED.java:20 <-> quixbugs/faulty_programs/FIND_IN_SORTED.java:27 | gin.edit.modifynode.UnaryOperatorReplacement  quixbugs/faulty_programs/FIND_IN_SORTED.java:29 MINUS -> LOGICAL_COMPLEMENT | gin.edit.statement.ReplaceStatement quixbugs/faulty_programs/FIND_IN_SORTED.java:27 -> quixbugs/faulty_programs/FIND_IN_SORTED.java:68 | gin.edit.statement.SwapStatement quixbugs/faulty_programs/FIND_IN_SORTED.java:20 <-> quixbugs/faulty_programs/FIND_IN_SORTED.java:28 |","true","false","1.450833","11.0","6.0"
"faulty_programs.FIND_IN_SORTED.faulty_programs.FIND_IN_SORTED.binsearch(int[],int,int,int)","| gin.edit.modifynode.SwapExpression quixbugs/faulty_programs/FIND_IN_SORTED.java:54 <-> quixbugs/faulty_programs/FIND_IN_SORTED.java:81 | gin.edit.modifynode.SwapExpression quixbugs/faulty_programs/FIND_IN_SORTED.java:40 <-> quixbugs/faulty_programs/FIND_IN_SORTED.java:54 | gin.edit.statement.SwapStatement quixbugs/faulty_programs/FIND_IN_SORTED.java:27 <-> quixbugs/faulty_programs/FIND_IN_SORTED.java:56 | gin.edit.modifynode.UnaryOperatorReplacement  quixbugs/faulty_programs/FIND_IN_SORTED.java:29 MINUS -> LOGICAL_COMPLEMENT | gin.edit.modifynode.SwapExpression quixbugs/faulty_programs/FIND_IN_SORTED.java:46 <-> quixbugs/faulty_programs/FIND_IN_SORTED.java:29 |","false","false","0.0","0.0","-5.0"
"faulty_programs.FIND_IN_SORTED.faulty_programs.FIND_IN_SORTED.binsearch(int[],int,int,int)","| gin.edit.modifynode.UnaryOperatorReplacement  quixbugs/faulty_programs/FIND_IN_SORTED.java:29 MINUS -> LOGICAL_COMPLEMENT | gin.edit.statement.SwapStatement quixbugs/faulty_programs/FIND_IN_SORTED.java:57 <-> quixbugs/faulty_programs/FIND_IN_SORTED.java:47 | gin.edit.modifynode.SwapExpression quixbugs/faulty_programs/FIND_IN_SORTED.java:54 <-> quixbugs/faulty_programs/FIND_IN_SORTED.java:81 | gin.edit.modifynode.SwapExpression quixbugs/faulty_programs/FIND_IN_SORTED.java:81 <-> quixbugs/faulty_programs/FIND_IN_SORTED.java:25 |","false","false","0.0","0.0","-5.0"
"faulty_programs.FIND_IN_SORTED.faulty_programs.FIND_IN_SORTED.binsearch(int[],int,int,int)","| gin.edit.statement.SwapStatement quixbugs/faulty_programs/FIND_IN_SORTED.java:57 <-> quixbugs/faulty_programs/FIND_IN_SORTED.java:47 | gin.edit.modifynode.ReplaceExpression quixbugs/faulty_programs/FIND_IN_SORTED.java:64 -> quixbugs/faulty_programs/FIND_IN_SORTED.java:60 | gin.edit.modifynode.ReplaceExpression quixbugs/faulty_programs/FIND_IN_SORTED.java:58 -> quixbugs/faulty_programs/FIND_IN_SORTED.java:70 | gin.edit.statement.SwapStatement quixbugs/faulty_programs/FIND_IN_SORTED.java:68 <-> quixbugs/faulty_programs/FIND_IN_SORTED.java:89 |","true","false","1.566985","11.0","6.0"
"faulty_programs.FIND_IN_SORTED.faulty_programs.FIND_IN_SORTED.binsearch(int[],int,int,int)","| gin.edit.statement.SwapStatement quixbugs/faulty_programs/FIND_IN_SORTED.java:57 <-> quixbugs/faulty_programs/FIND_IN_SORTED.java:47 | gin.edit.modifynode.ReplaceExpression quixbugs/faulty_programs/FIND_IN_SORTED.java:64 -> quixbugs/faulty_programs/FIND_IN_SORTED.java:60 | gin.edit.modifynode.ReplaceExpression quixbugs/faulty_programs/FIND_IN_SORTED.java:58 -> quixbugs/faulty_programs/FIND_IN_SORTED.java:70 | gin.edit.statement.ReplaceStatement quixbugs/faulty_programs/FIND_IN_SORTED.java:89 -> quixbugs/faulty_programs/FIND_IN_SORTED.java:68 |","true","false","1.657501","11.0","6.0"
"faulty_programs.FIND_IN_SORTED.faulty_programs.FIND_IN_SORTED.binsearch(int[],int,int,int)","| gin.edit.modifynode.ReplaceExpression quixbugs/faulty_programs/FIND_IN_SORTED.java:64 -> quixbugs/faulty_programs/FIND_IN_SORTED.java:60 | gin.edit.statement.SwapStatement quixbugs/faulty_programs/FIND_IN_SORTED.java:57 <-> quixbugs/faulty_programs/FIND_IN_SORTED.java:47 | gin.edit.modifynode.ReplaceExpression quixbugs/faulty_programs/FIND_IN_SORTED.java:64 -> quixbugs/faulty_programs/FIND_IN_SORTED.java:60 | gin.edit.modifynode.ReplaceExpression quixbugs/faulty_programs/FIND_IN_SORTED.java:58 -> quixbugs/faulty_programs/FIND_IN_SORTED.java:70 | gin.edit.modifynode.BinaryOperatorReplacement  quixbugs/faulty_programs/FIND_IN_SORTED.java:69 GREATER -> LESS |","false","false","0.0","0.0","-5.0"
"faulty_programs.FIND_IN_SORTED.faulty_programs.FIND_IN_SORTED.binsearch(int[],int,int,int)","| gin.edit.modifynode.ReplaceExpression quixbugs/faulty_programs/FIND_IN_SORTED.java:64 -> quixbugs/faulty_programs/FIND_IN_SORTED.java:60 | gin.edit.statement.SwapStatement quixbugs/faulty_programs/FIND_IN_SORTED.java:57 <-> quixbugs/faulty_programs/FIND_IN_SORTED.java:47 | gin.edit.modifynode.ReplaceExpression quixbugs/faulty_programs/FIND_IN_SORTED.java:64 -> quixbugs/faulty_programs/FIND_IN_SORTED.java:60 | gin.edit.statement.DeleteStatement quixbugs/faulty_programs/FIND_IN_SORTED.java:57 |","false","false","0.0","0.0","-5.0"
"faulty_programs.FIND_IN_SORTED.faulty_programs.FIND_IN_SORTED.binsearch(int[],int,int,int)","| gin.edit.modifynode.BinaryOperatorReplacement  quixbugs/faulty_programs/FIND_IN_SORTED.java:48 LESS -> GREATER | gin.edit.statement.ReplaceStatement quixbugs/faulty_programs/FIND_IN_SORTED.java:56 -> quixbugs/faulty_programs/FIND_IN_SORTED.java:27 |","false","false","0.0","0.0","-5.0"
"faulty_programs.FIND_IN_SORTED.faulty_programs.FIND_IN_SORTED.binsearch(int[],int,int,int)","| gin.edit.statement.SwapStatement quixbugs/faulty_programs/FIND_IN_SORTED.java:57 <-> quixbugs/faulty_programs/FIND_IN_SORTED.java:47 | gin.edit.statement.DeleteStatement quixbugs/faulty_programs/FIND_IN_SORTED.java:68 | gin.edit.modifynode.ReplaceExpression quixbugs/faulty_programs/FIND_IN_SORTED.java:64 -> quixbugs/faulty_programs/FIND_IN_SORTED.java:60 | gin.edit.modifynode.ReplaceExpression quixbugs/faulty_programs/FIND_IN_SORTED.java:75 -> quixbugs/faulty_programs/FIND_IN_SORTED.java:58 | gin.edit.modifynode.ReplaceExpression quixbugs/faulty_programs/FIND_IN_SORTED.java:22 -> quixbugs/faulty_programs/FIND_IN_SORTED.java:29 |","false","false","0.0","0.0","-5.0"
"faulty_programs.FIND_IN_SORTED.faulty_programs.FIND_IN_SORTED.binsearch(int[],int,int,int)","| gin.edit.modifynode.BinaryOperatorReplacement  quixbugs/faulty_programs/FIND_IN_SORTED.java:48 LESS -> GREATER | gin.edit.statement.SwapStatement quixbugs/faulty_programs/FIND_IN_SORTED.java:57 <-> quixbugs/faulty_programs/FIND_IN_SORTED.java:47 | gin.edit.modifynode.ReplaceExpression quixbugs/faulty_programs/FIND_IN_SORTED.java:64 -> quixbugs/faulty_programs/FIND_IN_SORTED.java:60 | gin.edit.modifynode.ReplaceExpression quixbugs/faulty_programs/FIND_IN_SORTED.java:75 -> quixbugs/faulty_programs/FIND_IN_SORTED.java:58 | gin.edit.modifynode.SwapExpression quixbugs/faulty_programs/FIND_IN_SORTED.java:32 <-> quixbugs/faulty_programs/FIND_IN_SORTED.java:73 |","true","false","1.45138","11.0","6.0"
"faulty_programs.FIND_IN_SORTED.faulty_programs.FIND_IN_SORTED.binsearch(int[],int,int,int)","| gin.edit.statement.DeleteStatement quixbugs/faulty_programs/FIND_IN_SORTED.java:68 | gin.edit.modifynode.BinaryOperatorReplacement  quixbugs/faulty_programs/FIND_IN_SORTED.java:48 LESS -> GREATER | gin.edit.statement.CopyStatement quixbugs/faulty_programs/FIND_IN_SORTED.java:28 -> quixbugs/faulty_programs/FIND_IN_SORTED.java:27:28 |","false","false","0.0","0.0","-5.0"
"faulty_programs.FIND_IN_SORTED.faulty_programs.FIND_IN_SORTED.binsearch(int[],int,int,int)","| gin.edit.statement.SwapStatement quixbugs/faulty_programs/FIND_IN_SORTED.java:20 <-> quixbugs/faulty_programs/FIND_IN_SORTED.java:27 | gin.edit.statement.SwapStatement quixbugs/faulty_programs/FIND_IN_SORTED.java:20 <-> quixbugs/faulty_programs/FIND_IN_SORTED.java:27 | gin.edit.modifynode.BinaryOperatorReplacement  quixbugs/faulty_programs/FIND_IN_SORTED.java:36 PLUS -> LEFT_SHIFT | gin.edit.modifynode.SwapExpression quixbugs/faulty_programs/FIND_IN_SORTED.java:52 <-> quixbugs/faulty_programs/FIND_IN_SORTED.java:62 | gin.edit.modifynode.SwapExpression quixbugs/faulty_programs/FIND_IN_SORTED.java:29 <-> quixbugs/faulty_programs/FIND_IN_SORTED.java:75 |","true","false","2.245316","11.0","6.0"
"faulty_programs.FIND_IN_SORTED.faulty_programs.FIND_IN_SORTED.binsearch(int[],int,int,int)","| gin.edit.statement.SwapStatement quixbugs/faulty_programs/FIND_IN_SORTED.java:20 <-> quixbugs/faulty_programs/FIND_IN_SORTED.java:27 | gin.edit.statement.CopyStatement quixbugs/faulty_programs/FIND_IN_SORTED.java:20 -> quixbugs/faulty_programs/FIND_IN_SORTED.java:27:28 | gin.edit.modifynode.SwapExpression quixbugs/faulty_programs/FIND_IN_SORTED.java:54 <-> quixbugs/faulty_programs/FIND_IN_SORTED.java:81 | gin.edit.modifynode.UnaryOperatorReplacement  quixbugs/faulty_programs/FIND_IN_SORTED.java:29 MINUS -> PLUS | gin.edit.modifynode.UnaryOperatorReplacement  quixbugs/faulty_programs/FIND_IN_SORTED.java:29 MINUS -> BITWISE_COMPLEMENT | gin.edit.statement.CopyStatement quixbugs/faulty_programs/FIND_IN_SORTED.java:21 -> quixbugs/faulty_programs/FIND_IN_SORTED.java:77:78 |","true","false","3.15527","11.0","6.0"
"faulty_programs.FIND_IN_SORTED.faulty_programs.FIND_IN_SORTED.binsearch(int[],int,int,int)","| gin.edit.statement.SwapStatement quixbugs/faulty_programs/FIND_IN_SORTED.java:20 <-> quixbugs/faulty_programs/FIND_IN_SORTED.java:27 | gin.edit.modifynode.SwapExpression quixbugs/faulty_programs/FIND_IN_SORTED.java:54 <-> quixbugs/faulty_programs/FIND_IN_SORTED.java:81 | gin.edit.statement.DeleteStatement quixbugs/faulty_programs/FIND_IN_SORTED.java:20 |","true","false","1.565565","11.0","6.0"
"faulty_programs.FIND_IN_SORTED.faulty_programs.FIND_IN_SORTED.binsearch(int[],int,int,int)","| gin.edit.statement.CopyStatement quixbugs/faulty_programs/FIND_IN_SORTED.java:20 -> quixbugs/faulty_programs/FIND_IN_SORTED.java:27:28 | gin.edit.modifynode.SwapExpression quixbugs/faulty_programs/FIND_IN_SORTED.java:54 <-> quixbugs/faulty_programs/FIND_IN_SORTED.java:81 | gin.edit.statement.SwapStatement quixbugs/faulty_programs/FIND_IN_SORTED.java:20 <-> quixbugs/faulty_programs/FIND_IN_SORTED.java:27 | gin.edit.statement.SwapStatement quixbugs/faulty_programs/FIND_IN_SORTED.java:20 <-> quixbugs/faulty_programs/FIND_IN_SORTED.java:27 | gin.edit.modifynode.SwapExpression quixbugs/faulty_programs/FIND_IN_SORTED.java:52 <-> quixbugs/faulty_programs/FIND_IN_SORTED.java:62 | gin.edit.modifynode.UnaryOperatorReplacement  quixbugs/faulty_programs/FIND_IN_SORTED.java:29 MINUS -> BITWISE_COMPLEMENT |","false","false","0.0","0.0","-5.0"
"faulty_programs.FIND_IN_SORTED.faulty_programs.FIND_IN_SORTED.binsearch(int[],int,int,int)","| gin.edit.statement.SwapStatement quixbugs/faulty_programs/FIND_IN_SORTED.java:57 <-> quixbugs/faulty_programs/FIND_IN_SORTED.java:47 | gin.edit.statement.DeleteStatement quixbugs/faulty_programs/FIND_IN_SORTED.java:68 | gin.edit.modifynode.ReplaceExpression quixbugs/faulty_programs/FIND_IN_SORTED.java:64 -> quixbugs/faulty_programs/FIND_IN_SORTED.java:60 | gin.edit.modifynode.ReplaceExpression quixbugs/faulty_programs/FIND_IN_SORTED.java:75 -> quixbugs/faulty_programs/FIND_IN_SORTED.java:58 | gin.edit.modifynode.BinaryOperatorReplacement  quixbugs/faulty_programs/FIND_IN_SORTED.java:41 MINUS -> SIGNED_RIGHT_SHIFT |","true","false","1.739379","11.0","6.0"
"faulty_programs.FIND_IN_SORTED.faulty_programs.FIND_IN_SORTED.binsearch(int[],int,int,int)","| gin.edit.statement.SwapStatement quixbugs/faulty_programs/FIND_IN_SORTED.java:57 <-> quixbugs/faulty_programs/FIND_IN_SORTED.java:47 | gin.edit.statement.SwapStatement quixbugs/faulty_programs/FIND_IN_SORTED.java:68 <-> quixbugs/faulty_programs/FIND_IN_SORTED.java:27 | gin.edit.statement.SwapStatement quixbugs/faulty_programs/FIND_IN_SORTED.java:20 <-> quixbugs/faulty_programs/FIND_IN_SORTED.java:27 | gin.edit.modifynode.UnaryOperatorReplacement  quixbugs/faulty_programs/FIND_IN_SORTED.java:29 MINUS -> LOGICAL_COMPLEMENT | gin.edit.statement.SwapStatement quixbugs/faulty_programs/FIND_IN_SORTED.java:89 <-> quixbugs/faulty_programs/FIND_IN_SORTED.java:78 | gin.edit.statement.SwapStatement quixbugs/faulty_programs/FIND_IN_SORTED.java:21 <-> quixbugs/faulty_programs/FIND_IN_SORTED.java:27 | gin.edit.modifynode.UnaryOperatorReplacement  quixbugs/faulty_programs/FIND_IN_SORTED.java:29 MINUS -> BITWISE_COMPLEMENT |","true","false","1.708429","11.0","6.0"
"faulty_programs.FIND_IN_SORTED.faulty_programs.FIND_IN_SORTED.binsearch(int[],int,int,int)","| gin.edit.statement.SwapStatement quixbugs/faulty_programs/FIND_IN_SORTED.java:57 <-> quixbugs/faulty_programs/FIND_IN_SORTED.java:47 | gin.edit.modifynode.ReplaceExpression quixbugs/faulty_programs/FIND_IN_SORTED.java:75 -> quixbugs/faulty_programs/FIND_IN_SORTED.java:58 | gin.edit.statement.SwapStatement quixbugs/faulty_programs/FIND_IN_SORTED.java:57 <-> quixbugs/faulty_programs/FIND_IN_SORTED.java:47 | gin.edit.statement.SwapStatement quixbugs/faulty_programs/FIND_IN_SORTED.java:68 <-> quixbugs/faulty_programs/FIND_IN_SORTED.java:27 | gin.edit.statement.SwapStatement quixbugs/faulty_programs/FIND_IN_SORTED.java:20 <-> quixbugs/faulty_programs/FIND_IN_SORTED.java:27 | gin.edit.statement.SwapStatement quixbugs/faulty_programs/FIND_IN_SORTED.java:89 <-> quixbugs/faulty_programs/FIND_IN_SORTED.java:78 | gin.edit.modifynode.SwapExpression quixbugs/faulty_programs/FIND_IN_SORTED.java:51 <-> quixbugs/faulty_programs/FIND_IN_SORTED.java:60 |","true","false","1.84201","11.0","6.0"
"faulty_programs.FIND_IN_SORTED.faulty_programs.FIND_IN_SORTED.binsearch(int[],int,int,int)","| gin.edit.statement.SwapStatement quixbugs/faulty_programs/FIND_IN_SORTED.java:57 <-> quixbugs/faulty_programs/FIND_IN_SORTED.java:47 | gin.edit.statement.SwapStatement quixbugs/faulty_programs/FIND_IN_SORTED.java:20 <-> quixbugs/faulty_programs/FIND_IN_SORTED.java:27 | gin.edit.modifynode.UnaryOperatorReplacement  quixbugs/faulty_programs/FIND_IN_SORTED.java:29 MINUS -> LOGICAL_COMPLEMENT | gin.edit.statement.SwapStatement quixbugs/faulty_programs/FIND_IN_SORTED.java:89 <-> quixbugs/faulty_programs/FIND_IN_SORTED.java:78 | gin.edit.statement.DeleteStatement quixbugs/faulty_programs/FIND_IN_SORTED.java:68 | gin.edit.modifynode.ReplaceExpression quixbugs/faulty_programs/FIND_IN_SORTED.java:79 -> quixbugs/faulty_programs/FIND_IN_SORTED.java:58 |","true","false","20.797943","11.0","6.0"
"faulty_programs.FIND_IN_SORTED.faulty_programs.FIND_IN_SORTED.binsearch(int[],int,int,int)","| gin.edit.statement.SwapStatement quixbugs/faulty_programs/FIND_IN_SORTED.java:57 <-> quixbugs/faulty_programs/FIND_IN_SORTED.java:47 | gin.edit.modifynode.SwapExpression quixbugs/faulty_programs/FIND_IN_SORTED.java:54 <-> quixbugs/faulty_programs/FIND_IN_SORTED.java:81 | gin.edit.modifynode.ReplaceExpression quixbugs/faulty_programs/FIND_IN_SORTED.java:73 -> quixbugs/faulty_programs/FIND_IN_SORTED.java:51 | gin.edit.statement.SwapStatement quixbugs/faulty_programs/FIND_IN_SORTED.java:77 <-> quixbugs/faulty_programs/FIND_IN_SORTED.java:20 | gin.edit.statement.ReplaceStatement quixbugs/faulty_programs/FIND_IN_SORTED.java:103 -> quixbugs/faulty_programs/FIND_IN_SORTED.java:57 | gin.edit.modifynode.BinaryOperatorReplacement  quixbugs/faulty_programs/FIND_IN_SORTED.java:41 MINUS -> SIGNED_RIGHT_SHIFT |","true","false","1.644239","11.0","6.0"
"faulty_programs.FIND_IN_SORTED.faulty_programs.FIND_IN_SORTED.binsearch(int[],int,int,int)","| gin.edit.statement.SwapStatement quixbugs/faulty_programs/FIND_IN_SORTED.java:57 <-> quixbugs/faulty_programs/FIND_IN_SORTED.java:47 | gin.edit.modifynode.ReplaceExpression quixbugs/faulty_programs/FIND_IN_SORTED.java:75 -> quixbugs/faulty_programs/FIND_IN_SORTED.java:58 | gin.edit.statement.SwapStatement quixbugs/faulty_programs/FIND_IN_SORTED.java:57 <-> quixbugs/faulty_programs/FIND_IN_SORTED.java:47 | gin.edit.statement.SwapStatement quixbugs/faulty_programs/FIND_IN_SORTED.java:68 <-> quixbugs/faulty_programs/FIND_IN_SORTED.java:27 | gin.edit.statement.SwapStatement quixbugs/faulty_programs/FIND_IN_SORTED.java:20 <-> quixbugs/faulty_programs/FIND_IN_SORTED.java:27 | gin.edit.statement.SwapStatement quixbugs/faulty_programs/FIND_IN_SORTED.java:89 <-> quixbugs/faulty_programs/FIND_IN_SORTED.java:78 | gin.edit.modifynode.SwapExpression quixbugs/faulty_programs/FIND_IN_SORTED.java:51 <-> quixbugs/faulty_programs/FIND_IN_SORTED.java:60 | gin.edit.modifynode.BinaryOperatorReplacement  quixbugs/faulty_programs/FIND_IN_SORTED.java:22 EQUALS -> LESS |","true","false","1.71755","11.0","6.0"
"faulty_programs.FIND_IN_SORTED.faulty_programs.FIND_IN_SORTED.binsearch(int[],int,int,int)","| gin.edit.statement.SwapStatement quixbugs/faulty_programs/FIND_IN_SORTED.java:57 <-> quixbugs/faulty_programs/FIND_IN_SORTED.java:47 | gin.edit.statement.ReplaceStatement quixbugs/faulty_programs/FIND_IN_SORTED.java:103 -> quixbugs/faulty_programs/FIND_IN_SORTED.java:57 | gin.edit.modifynode.ReplaceExpression quixbugs/faulty_programs/FIND_IN_SORTED.java:75 -> quixbugs/faulty_programs/FIND_IN_SORTED.java:58 | gin.edit.statement.SwapStatement quixbugs/faulty_programs/FIND_IN_SORTED.java:68 <-> quixbugs/faulty_programs/FIND_IN_SORTED.java:27 | gin.edit.statement.SwapStatement quixbugs/faulty_programs/FIND_IN_SORTED.java:20 <-> quixbugs/faulty_programs/FIND_IN_SORTED.java:27 | gin.edit.modifynode.SwapExpression quixbugs/faulty_programs/FIND_IN_SORTED.java:51 <-> quixbugs/faulty_programs/FIND_IN_SORTED.java:60 | gin.edit.modifynode.BinaryOperatorReplacement  quixbugs/faulty_programs/FIND_IN_SORTED.java:39 DIVIDE -> LEFT_SHIFT |","true","false","1.46975","11.0","6.0"
"faulty_programs.FIND_IN_SORTED.faulty_programs.FIND_IN_SORTED.binsearch(int[],int,int,int)","| gin.edit.statement.SwapStatement quixbugs/faulty_programs/FIND_IN_SORTED.java:57 <-> quixbugs/faulty_programs/FIND_IN_SORTED.java:47 | gin.edit.modifynode.ReplaceExpression quixbugs/faulty_programs/FIND_IN_SORTED.java:75 -> quixbugs/faulty_programs/FIND_IN_SORTED.java:58 | gin.edit.statement.SwapStatement quixbugs/faulty_programs/FIND_IN_SORTED.java:57 <-> quixbugs/faulty_programs/FIND_IN_SORTED.java:47 | gin.edit.statement.SwapStatement quixbugs/faulty_programs/FIND_IN_SORTED.java:20 <-> quixbugs/faulty_programs/FIND_IN_SORTED.java:27 | gin.edit.statement.SwapStatement quixbugs/faulty_programs/FIND_IN_SORTED.java:89 <-> quixbugs/faulty_programs/FIND_IN_SORTED.java:78 | gin.edit.modifynode.SwapExpression quixbugs/faulty_programs/FIND_IN_SORTED.java:51 <-> quixbugs/faulty_programs/FIND_IN_SORTED.java:60 | gin.edit.statement.SwapStatement quixbugs/faulty_programs/FIND_IN_SORTED.java:57 <-> quixbugs/faulty_programs/FIND_IN_SORTED.java:47 | gin.edit.statement.SwapStatement quixbugs/faulty_programs/FIND_IN_SORTED.java:77 <-> quixbugs/faulty_programs/FIND_IN_SORTED.java:20 | gin.edit.statement.ReplaceStatement quixbugs/faulty_programs/FIND_IN_SORTED.java:103 -> quixbugs/faulty_programs/FIND_IN_SORTED.java:57 | gin.edit.modifynode.UnaryOperatorReplacement  quixbugs/faulty_programs/FIND_IN_SORTED.java:29 MINUS -> LOGICAL_COMPLEMENT |","true","false","1.874294","11.0","6.0"
"faulty_programs.FIND_IN_SORTED.faulty_programs.FIND_IN_SORTED.binsearch(int[],int,int,int)","| gin.edit.statement.SwapStatement quixbugs/faulty_programs/FIND_IN_SORTED.java:20 <-> quixbugs/faulty_programs/FIND_IN_SORTED.java:27 | gin.edit.modifynode.ReplaceExpression quixbugs/faulty_programs/FIND_IN_SORTED.java:42 -> quixbugs/faulty_programs/FIND_IN_SORTED.java:66 | gin.edit.statement.CopyStatement quixbugs/faulty_programs/FIND_IN_SORTED.java:89 -> quixbugs/faulty_programs/FIND_IN_SORTED.java:56:57 | gin.edit.modifynode.BinaryOperatorReplacement  quixbugs/faulty_programs/FIND_IN_SORTED.java:48 LESS -> EQUALS | gin.edit.modifynode.BinaryOperatorReplacement  quixbugs/faulty_programs/FIND_IN_SORTED.java:39 DIVIDE -> LEFT_SHIFT |","true","false","1.662285","11.0","6.0"
"faulty_programs.FIND_IN_SORTED.faulty_programs.FIND_IN_SORTED.binsearch(int[],int,int,int)","| gin.edit.statement.SwapStatement quixbugs/faulty_programs/FIND_IN_SORTED.java:20 <-> quixbugs/faulty_programs/FIND_IN_SORTED.java:27 | gin.edit.statement.SwapStatement quixbugs/faulty_programs/FIND_IN_SORTED.java:20 <-> quixbugs/faulty_programs/FIND_IN_SORTED.java:27 | gin.edit.modifynode.BinaryOperatorReplacement  quixbugs/faulty_programs/FIND_IN_SORTED.java:36 PLUS -> LEFT_SHIFT | gin.edit.modifynode.SwapExpression quixbugs/faulty_programs/FIND_IN_SORTED.java:52 <-> quixbugs/faulty_programs/FIND_IN_SORTED.java:62 | gin.edit.modifynode.SwapExpression quixbugs/faulty_programs/FIND_IN_SORTED.java:29 <-> quixbugs/faulty_programs/FIND_IN_SORTED.java:75 | gin.edit.statement.CopyStatement quixbugs/faulty_programs/FIND_IN_SORTED.java:103 -> quixbugs/faulty_programs/FIND_IN_SORTED.java:27:28 |","true","false","1.444232","11.0","6.0"
"faulty_programs.FIND_IN_SORTED.faulty_programs.FIND_IN_SORTED.binsearch(int[],int,int,int)","| gin.edit.modifynode.ReplaceExpression quixbugs/faulty_programs/FIND_IN_SORTED.java:42 -> quixbugs/faulty_programs/FIND_IN_SORTED.java:66 | gin.edit.statement.SwapStatement quixbugs/faulty_programs/FIND_IN_SORTED.java:20 <-> quixbugs/faulty_programs/FIND_IN_SORTED.java:27 | gin.edit.statement.SwapStatement quixbugs/faulty_programs/FIND_IN_SORTED.java:20 <-> quixbugs/faulty_programs/FIND_IN_SORTED.java:27 | gin.edit.modifynode.SwapExpression quixbugs/faulty_programs/FIND_IN_SORTED.java:87 <-> quixbugs/faulty_programs/FIND_IN_SORTED.java:66 |","true","false","1.747993","11.0","6.0"
"faulty_programs.FIND_IN_SORTED.faulty_programs.FIND_IN_SORTED.binsearch(int[],int,int,int)","| gin.edit.statement.SwapStatement quixbugs/faulty_programs/FIND_IN_SORTED.java:20 <-> quixbugs/faulty_programs/FIND_IN_SORTED.java:27 | gin.edit.statement.SwapStatement quixbugs/faulty_programs/FIND_IN_SORTED.java:20 <-> quixbugs/faulty_programs/FIND_IN_SORTED.java:27 | gin.edit.modifynode.SwapExpression quixbugs/faulty_programs/FIND_IN_SORTED.java:52 <-> quixbugs/faulty_programs/FIND_IN_SORTED.java:62 | gin.edit.modifynode.SwapExpression quixbugs/faulty_programs/FIND_IN_SORTED.java:29 <-> quixbugs/faulty_programs/FIND_IN_SORTED.java:75 | gin.edit.modifynode.ReplaceExpression quixbugs/faulty_programs/FIND_IN_SORTED.java:42 -> quixbugs/faulty_programs/FIND_IN_SORTED.java:66 | gin.edit.statement.DeleteStatement quixbugs/faulty_programs/FIND_IN_SORTED.java:56 |","true","false","1.804268","11.0","6.0"
"faulty_programs.FIND_IN_SORTED.faulty_programs.FIND_IN_SORTED.binsearch(int[],int,int,int)","| gin.edit.statement.SwapStatement quixbugs/faulty_programs/FIND_IN_SORTED.java:57 <-> quixbugs/faulty_programs/FIND_IN_SORTED.java:47 | gin.edit.modifynode.ReplaceExpression quixbugs/faulty_programs/FIND_IN_SORTED.java:64 -> quixbugs/faulty_programs/FIND_IN_SORTED.java:60 | gin.edit.modifynode.ReplaceExpression quixbugs/faulty_programs/FIND_IN_SORTED.java:58 -> quixbugs/faulty_programs/FIND_IN_SORTED.java:70 | gin.edit.statement.SwapStatement quixbugs/faulty_programs/FIND_IN_SORTED.java:68 <-> quixbugs/faulty_programs/FIND_IN_SORTED.java:89 | gin.edit.statement.CopyStatement quixbugs/faulty_programs/FIND_IN_SORTED.java:28 -> quixbugs/faulty_programs/FIND_IN_SORTED.java:56:57 |","true","false","1.758453","11.0","6.0"
"faulty_programs.FIND_IN_SORTED.faulty_programs.FIND_IN_SORTED.binsearch(int[],int,int,int)","| gin.edit.statement.SwapStatement quixbugs/faulty_programs/FIND_IN_SORTED.java:20 <-> quixbugs/faulty_programs/FIND_IN_SORTED.java:27 | gin.edit.statement.SwapStatement quixbugs/faulty_programs/FIND_IN_SORTED.java:20 <-> quixbugs/faulty_programs/FIND_IN_SORTED.java:27 | gin.edit.modifynode.BinaryOperatorReplacement  quixbugs/faulty_programs/FIND_IN_SORTED.java:36 PLUS -> LEFT_SHIFT | gin.edit.modifynode.SwapExpression quixbugs/faulty_programs/FIND_IN_SORTED.java:52 <-> quixbugs/faulty_programs/FIND_IN_SORTED.java:62 | gin.edit.modifynode.SwapExpression quixbugs/faulty_programs/FIND_IN_SORTED.java:29 <-> quixbugs/faulty_programs/FIND_IN_SORTED.java:75 | gin.edit.modifynode.SwapExpression quixbugs/faulty_programs/FIND_IN_SORTED.java:69 <-> quixbugs/faulty_programs/FIND_IN_SORTED.java:46 |","true","false","1.859005","11.0","6.0"
"faulty_programs.FIND_IN_SORTED.faulty_programs.FIND_IN_SORTED.binsearch(int[],int,int,int)","| gin.edit.statement.SwapStatement quixbugs/faulty_programs/FIND_IN_SORTED.java:20 <-> quixbugs/faulty_programs/FIND_IN_SORTED.java:27 | gin.edit.modifynode.BinaryOperatorReplacement  quixbugs/faulty_programs/FIND_IN_SORTED.java:36 PLUS -> LEFT_SHIFT | gin.edit.modifynode.SwapExpression quixbugs/faulty_programs/FIND_IN_SORTED.java:52 <-> quixbugs/faulty_programs/FIND_IN_SORTED.java:62 | gin.edit.modifynode.SwapExpression quixbugs/faulty_programs/FIND_IN_SORTED.java:29 <-> quixbugs/faulty_programs/FIND_IN_SORTED.java:75 | gin.edit.modifynode.ReplaceExpression quixbugs/faulty_programs/FIND_IN_SORTED.java:60 -> quixbugs/faulty_programs/FIND_IN_SORTED.java:72 |","true","false","1.742327","11.0","6.0"
"faulty_programs.FIND_IN_SORTED.faulty_programs.FIND_IN_SORTED.binsearch(int[],int,int,int)","| gin.edit.statement.SwapStatement quixbugs/faulty_programs/FIND_IN_SORTED.java:20 <-> quixbugs/faulty_programs/FIND_IN_SORTED.java:27 | gin.edit.statement.SwapStatement quixbugs/faulty_programs/FIND_IN_SORTED.java:20 <-> quixbugs/faulty_programs/FIND_IN_SORTED.java:27 | gin.edit.statement.SwapStatement quixbugs/faulty_programs/FIND_IN_SORTED.java:57 <-> quixbugs/faulty_programs/FIND_IN_SORTED.java:47 | gin.edit.modifynode.ReplaceExpression quixbugs/faulty_programs/FIND_IN_SORTED.java:64 -> quixbugs/faulty_programs/FIND_IN_SORTED.java:60 | gin.edit.modifynode.ReplaceExpression quixbugs/faulty_programs/FIND_IN_SORTED.java:58 -> quixbugs/faulty_programs/FIND_IN_SORTED.java:70 | gin.edit.statement.SwapStatement quixbugs/faulty_programs/FIND_IN_SORTED.java:68 <-> quixbugs/faulty_programs/FIND_IN_SORTED.java:89 | gin.edit.statement.CopyStatement quixbugs/faulty_programs/FIND_IN_SORTED.java:57 -> quixbugs/faulty_programs/FIND_IN_SORTED.java:89:89 |","true","false","11.491765","11.0","6.0"
"faulty_programs.FIND_IN_SORTED.faulty_programs.FIND_IN_SORTED.binsearch(int[],int,int,int)","| gin.edit.statement.SwapStatement quixbugs/faulty_programs/FIND_IN_SORTED.java:20 <-> quixbugs/faulty_programs/FIND_IN_SORTED.java:27 | gin.edit.modifynode.ReplaceExpression quixbugs/faulty_programs/FIND_IN_SORTED.java:42 -> quixbugs/faulty_programs/FIND_IN_SORTED.java:66 | gin.edit.modifynode.SwapExpression quixbugs/faulty_programs/FIND_IN_SORTED.java:30 <-> quixbugs/faulty_programs/FIND_IN_SORTED.java:70 | gin.edit.statement.CopyStatement quixbugs/faulty_programs/FIND_IN_SORTED.java:20 -> quixbugs/faulty_programs/FIND_IN_SORTED.java:77:78 |","true","false","1.887325","11.0","6.0"
"faulty_programs.FIND_IN_SORTED.faulty_programs.FIND_IN_SORTED.binsearch(int[],int,int,int)","| gin.edit.modifynode.BinaryOperatorReplacement  quixbugs/faulty_programs/FIND_IN_SORTED.java:48 LESS -> GREATER | gin.edit.modifynode.BinaryOperatorReplacement  quixbugs/faulty_programs/FIND_IN_SORTED.java:41 MINUS -> SIGNED_RIGHT_SHIFT | gin.edit.statement.DeleteStatement quixbugs/faulty_programs/FIND_IN_SORTED.java:47 |","false","false","0.0","0.0","-5.0"
"faulty_programs.FIND_IN_SORTED.faulty_programs.FIND_IN_SORTED.binsearch(int[],int,int,int)","| gin.edit.statement.SwapStatement quixbugs/faulty_programs/FIND_IN_SORTED.java:20 <-> quixbugs/faulty_programs/FIND_IN_SORTED.java:27 | gin.edit.modifynode.UnaryOperatorReplacement  quixbugs/faulty_programs/FIND_IN_SORTED.java:29 MINUS -> PLUS |","true","false","2.712146","11.0","6.0"
"faulty_programs.FIND_IN_SORTED.faulty_programs.FIND_IN_SORTED.binsearch(int[],int,int,int)","| gin.edit.modifynode.BinaryOperatorReplacement  quixbugs/faulty_programs/FIND_IN_SORTED.java:41 MINUS -> SIGNED_RIGHT_SHIFT | gin.edit.statement.SwapStatement quixbugs/faulty_programs/FIND_IN_SORTED.java:20 <-> quixbugs/faulty_programs/FIND_IN_SORTED.java:27 | gin.edit.modifynode.ReplaceExpression quixbugs/faulty_programs/FIND_IN_SORTED.java:42 -> quixbugs/faulty_programs/FIND_IN_SORTED.java:66 | gin.edit.modifynode.SwapExpression quixbugs/faulty_programs/FIND_IN_SORTED.java:30 <-> quixbugs/faulty_programs/FIND_IN_SORTED.java:70 | gin.edit.statement.DeleteStatement quixbugs/faulty_programs/FIND_IN_SORTED.java:47 |","true","false","1.551997","11.0","6.0"
"faulty_programs.FIND_IN_SORTED.faulty_programs.FIND_IN_SORTED.binsearch(int[],int,int,int)","| gin.edit.statement.SwapStatement quixbugs/faulty_programs/FIND_IN_SORTED.java:57 <-> quixbugs/faulty_programs/FIND_IN_SORTED.java:47 | gin.edit.modifynode.ReplaceExpression quixbugs/faulty_programs/FIND_IN_SORTED.java:75 -> quixbugs/faulty_programs/FIND_IN_SORTED.java:58 | gin.edit.statement.SwapStatement quixbugs/faulty_programs/FIND_IN_SORTED.java:57 <-> quixbugs/faulty_programs/FIND_IN_SORTED.java:47 | gin.edit.statement.SwapStatement quixbugs/faulty_programs/FIND_IN_SORTED.java:68 <-> quixbugs/faulty_programs/FIND_IN_SORTED.java:27 | gin.edit.statement.SwapStatement quixbugs/faulty_programs/FIND_IN_SORTED.java:20 <-> quixbugs/faulty_programs/FIND_IN_SORTED.java:27 | gin.edit.statement.SwapStatement quixbugs/faulty_programs/FIND_IN_SORTED.java:89 <-> quixbugs/faulty_programs/FIND_IN_SORTED.java:78 | gin.edit.modifynode.SwapExpression quixbugs/faulty_programs/FIND_IN_SORTED.java:51 <-> quixbugs/faulty_programs/FIND_IN_SORTED.java:60 | gin.edit.statement.DeleteStatement quixbugs/faulty_programs/FIND_IN_SORTED.java:27 |","true","false","1.486924","11.0","6.0"
"faulty_programs.FIND_IN_SORTED.faulty_programs.FIND_IN_SORTED.binsearch(int[],int,int,int)","| gin.edit.modifynode.BinaryOperatorReplacement  quixbugs/faulty_programs/FIND_IN_SORTED.java:48 LESS -> GREATER | gin.edit.modifynode.BinaryOperatorReplacement  quixbugs/faulty_programs/FIND_IN_SORTED.java:41 MINUS -> SIGNED_RIGHT_SHIFT | gin.edit.statement.CopyStatement quixbugs/faulty_programs/FIND_IN_SORTED.java:77 -> quixbugs/faulty_programs/FIND_IN_SORTED.java:20:21 |","false","false","0.0","0.0","-5.0"
"faulty_programs.FIND_IN_SORTED.faulty_programs.FIND_IN_SORTED.binsearch(int[],int,int,int)","| gin.edit.statement.SwapStatement quixbugs/faulty_programs/FIND_IN_SORTED.java:57 <-> quixbugs/faulty_programs/FIND_IN_SORTED.java:47 | gin.edit.modifynode.ReplaceExpression quixbugs/faulty_programs/FIND_IN_SORTED.java:75 -> quixbugs/faulty_programs/FIND_IN_SORTED.java:58 | gin.edit.statement.SwapStatement quixbugs/faulty_programs/FIND_IN_SORTED.java:57 <-> quixbugs/faulty_programs/FIND_IN_SORTED.java:47 | gin.edit.statement.SwapStatement quixbugs/faulty_programs/FIND_IN_SORTED.java:68 <-> quixbugs/faulty_programs/FIND_IN_SORTED.java:27 | gin.edit.statement.SwapStatement quixbugs/faulty_programs/FIND_IN_SORTED.java:89 <-> quixbugs/faulty_programs/FIND_IN_SORTED.java:78 | gin.edit.modifynode.SwapExpression quixbugs/faulty_programs/FIND_IN_SORTED.java:51 <-> quixbugs/faulty_programs/FIND_IN_SORTED.java:60 | gin.edit.statement.ReplaceStatement quixbugs/faulty_programs/FIND_IN_SORTED.java:56 -> quixbugs/faulty_programs/FIND_IN_SORTED.java:56 |","true","false","2.092343","11.0","6.0"
"faulty_programs.FIND_IN_SORTED.faulty_programs.FIND_IN_SORTED.binsearch(int[],int,int,int)","| gin.edit.modifynode.ReplaceExpression quixbugs/faulty_programs/FIND_IN_SORTED.java:75 -> quixbugs/faulty_programs/FIND_IN_SORTED.java:58 | gin.edit.statement.SwapStatement quixbugs/faulty_programs/FIND_IN_SORTED.java:57 <-> quixbugs/faulty_programs/FIND_IN_SORTED.java:47 | gin.edit.statement.SwapStatement quixbugs/faulty_programs/FIND_IN_SORTED.java:68 <-> quixbugs/faulty_programs/FIND_IN_SORTED.java:27 | gin.edit.statement.SwapStatement quixbugs/faulty_programs/FIND_IN_SORTED.java:20 <-> quixbugs/faulty_programs/FIND_IN_SORTED.java:27 | gin.edit.statement.ReplaceStatement quixbugs/faulty_programs/FIND_IN_SORTED.java:78 -> quixbugs/faulty_programs/FIND_IN_SORTED.java:31 |","true","false","1.619244","11.0","6.0"
"faulty_programs.FIND_IN_SORTED.faulty_programs.FIND_IN_SORTED.binsearch(int[],int,int,int)","| gin.edit.statement.SwapStatement quixbugs/faulty_programs/FIND_IN_SORTED.java:57 <-> quixbugs/faulty_programs/FIND_IN_SORTED.java:47 | gin.edit.modifynode.SwapExpression quixbugs/faulty_programs/FIND_IN_SORTED.java:54 <-> quixbugs/faulty_programs/FIND_IN_SORTED.java:81 | gin.edit.modifynode.SwapExpression quixbugs/faulty_programs/FIND_IN_SORTED.java:40 <-> quixbugs/faulty_programs/FIND_IN_SORTED.java:54 | gin.edit.statement.SwapStatement quixbugs/faulty_programs/FIND_IN_SORTED.java:27 <-> quixbugs/faulty_programs/FIND_IN_SORTED.java:56 | gin.edit.statement.ReplaceStatement quixbugs/faulty_programs/FIND_IN_SORTED.java:31 -> quixbugs/faulty_programs/FIND_IN_SORTED.java:47 | gin.edit.statement.CopyStatement quixbugs/faulty_programs/FIND_IN_SORTED.java:20 -> quixbugs/faulty_programs/FIND_IN_SORTED.java:77:78 |","true","false","1.892107","11.0","6.0"
"faulty_programs.FIND_IN_SORTED.faulty_programs.FIND_IN_SORTED.binsearch(int[],int,int,int)","| gin.edit.modifynode.BinaryOperatorReplacement  quixbugs/faulty_programs/FIND_IN_SORTED.java:48 LESS -> GREATER | gin.edit.modifynode.BinaryOperatorReplacement  quixbugs/faulty_programs/FIND_IN_SORTED.java:41 MINUS -> SIGNED_RIGHT_SHIFT | gin.edit.modifynode.BinaryOperatorReplacement  quixbugs/faulty_programs/FIND_IN_SORTED.java:48 LESS -> LESS_EQUALS |","true","false","1.630874","13.0","8.0"
"faulty_programs.FIND_IN_SORTED.faulty_programs.FIND_IN_SORTED.binsearch(int[],int,int,int)","| gin.edit.statement.SwapStatement quixbugs/faulty_programs/FIND_IN_SORTED.java:57 <-> quixbugs/faulty_programs/FIND_IN_SORTED.java:47 | gin.edit.modifynode.SwapExpression quixbugs/faulty_programs/FIND_IN_SORTED.java:54 <-> quixbugs/faulty_programs/FIND_IN_SORTED.java:81 | gin.edit.statement.SwapStatement quixbugs/faulty_programs/FIND_IN_SORTED.java:27 <-> quixbugs/faulty_programs/FIND_IN_SORTED.java:56 | gin.edit.modifynode.SwapExpression quixbugs/faulty_programs/FIND_IN_SORTED.java:51 <-> quixbugs/faulty_programs/FIND_IN_SORTED.java:30 |","true","false","1.85504","11.0","6.0"
"faulty_programs.FIND_IN_SORTED.faulty_programs.FIND_IN_SORTED.binsearch(int[],int,int,int)","| gin.edit.modifynode.BinaryOperatorReplacement  quixbugs/faulty_programs/FIND_IN_SORTED.java:48 LESS -> GREATER | gin.edit.statement.SwapStatement quixbugs/faulty_programs/FIND_IN_SORTED.java:57 <-> quixbugs/faulty_programs/FIND_IN_SORTED.java:47 | gin.edit.modifynode.SwapExpression quixbugs/faulty_programs/FIND_IN_SORTED.java:54 <-> quixbugs/faulty_programs/FIND_IN_SORTED.java:81 | gin.edit.statement.SwapStatement quixbugs/faulty_programs/FIND_IN_SORTED.java:27 <-> quixbugs/faulty_programs/FIND_IN_SORTED.java:56 | gin.edit.statement.ReplaceStatement quixbugs/faulty_programs/FIND_IN_SORTED.java:31 -> quixbugs/faulty_programs/FIND_IN_SORTED.java:47 | gin.edit.statement.ReplaceStatement quixbugs/faulty_programs/FIND_IN_SORTED.java:47 -> quixbugs/faulty_programs/FIND_IN_SORTED.java:21 |","true","false","1.464243","11.0","6.0"
"faulty_programs.FIND_IN_SORTED.faulty_programs.FIND_IN_SORTED.binsearch(int[],int,int,int)","| gin.edit.statement.SwapStatement quixbugs/faulty_programs/FIND_IN_SORTED.java:57 <-> quixbugs/faulty_programs/FIND_IN_SORTED.java:47 | gin.edit.statement.SwapStatement quixbugs/faulty_programs/FIND_IN_SORTED.java:20 <-> quixbugs/faulty_programs/FIND_IN_SORTED.java:27 | gin.edit.modifynode.UnaryOperatorReplacement  quixbugs/faulty_programs/FIND_IN_SORTED.java:29 MINUS -> LOGICAL_COMPLEMENT | gin.edit.statement.SwapStatement quixbugs/faulty_programs/FIND_IN_SORTED.java:89 <-> quixbugs/faulty_programs/FIND_IN_SORTED.java:78 | gin.edit.statement.DeleteStatement quixbugs/faulty_programs/FIND_IN_SORTED.java:68 | gin.edit.modifynode.ReplaceExpression quixbugs/faulty_programs/FIND_IN_SORTED.java:79 -> quixbugs/faulty_programs/FIND_IN_SORTED.java:58 | gin.edit.modifynode.UnaryOperatorReplacement  quixbugs/faulty_programs/FIND_IN_SORTED.java:29 MINUS -> LOGICAL_COMPLEMENT |","true","false","1.76627","11.0","6.0"
"faulty_programs.FIND_IN_SORTED.faulty_programs.FIND_IN_SORTED.binsearch(int[],int,int,int)","| gin.edit.statement.SwapStatement quixbugs/faulty_programs/FIND_IN_SORTED.java:20 <-> quixbugs/faulty_programs/FIND_IN_SORTED.java:27 | gin.edit.modifynode.ReplaceExpression quixbugs/faulty_programs/FIND_IN_SORTED.java:42 -> quixbugs/faulty_programs/FIND_IN_SORTED.java:66 | gin.edit.modifynode.SwapExpression quixbugs/faulty_programs/FIND_IN_SORTED.java:30 <-> quixbugs/faulty_programs/FIND_IN_SORTED.java:70 | gin.edit.modifynode.ReplaceExpression quixbugs/faulty_programs/FIND_IN_SORTED.java:54 -> quixbugs/faulty_programs/FIND_IN_SORTED.java:37 |","true","false","1.468614","11.0","6.0"
"faulty_programs.FIND_IN_SORTED.faulty_programs.FIND_IN_SORTED.binsearch(int[],int,int,int)","| gin.edit.statement.SwapStatement quixbugs/faulty_programs/FIND_IN_SORTED.java:57 <-> quixbugs/faulty_programs/FIND_IN_SORTED.java:47 | gin.edit.statement.SwapStatement quixbugs/faulty_programs/FIND_IN_SORTED.java:20 <-> quixbugs/faulty_programs/FIND_IN_SORTED.java:27 | gin.edit.statement.SwapStatement quixbugs/faulty_programs/FIND_IN_SORTED.java:89 <-> quixbugs/faulty_programs/FIND_IN_SORTED.java:78 | gin.edit.statement.DeleteStatement quixbugs/faulty_programs/FIND_IN_SORTED.java:68 | gin.edit.modifynode.ReplaceExpression quixbugs/faulty_programs/FIND_IN_SORTED.java:79 -> quixbugs/faulty_programs/FIND_IN_SORTED.java:58 | gin.edit.statement.SwapStatement quixbugs/faulty_programs/FIND_IN_SORTED.java:20 <-> quixbugs/faulty_programs/FIND_IN_SORTED.java:27 | gin.edit.modifynode.ReplaceExpression quixbugs/faulty_programs/FIND_IN_SORTED.java:42 -> quixbugs/faulty_programs/FIND_IN_SORTED.java:66 | gin.edit.modifynode.SwapExpression quixbugs/faulty_programs/FIND_IN_SORTED.java:30 <-> quixbugs/faulty_programs/FIND_IN_SORTED.java:70 | gin.edit.modifynode.BinaryOperatorReplacement  quixbugs/faulty_programs/FIND_IN_SORTED.java:36 PLUS -> DIVIDE |","true","false","1.402488","11.0","6.0"
"faulty_programs.FIND_IN_SORTED.faulty_programs.FIND_IN_SORTED.binsearch(int[],int,int,int)","| gin.edit.statement.SwapStatement quixbugs/faulty_programs/FIND_IN_SORTED.java:20 <-> quixbugs/faulty_programs/FIND_IN_SORTED.java:27 | gin.edit.modifynode.SwapExpression quixbugs/faulty_programs/FIND_IN_SORTED.java:30 <-> quixbugs/faulty_programs/FIND_IN_SORTED.java:70 | gin.edit.statement.SwapStatement quixbugs/faulty_programs/FIND_IN_SORTED.java:20 <-> quixbugs/faulty_programs/FIND_IN_SORTED.java:27 | gin.edit.statement.SwapStatement quixbugs/faulty_programs/FIND_IN_SORTED.java:89 <-> quixbugs/faulty_programs/FIND_IN_SORTED.java:78 | gin.edit.statement.DeleteStatement quixbugs/faulty_programs/FIND_IN_SORTED.java:68 | gin.edit.modifynode.ReplaceExpression quixbugs/faulty_programs/FIND_IN_SORTED.java:79 -> quixbugs/faulty_programs/FIND_IN_SORTED.java:58 | gin.edit.modifynode.BinaryOperatorReplacement  quixbugs/faulty_programs/FIND_IN_SORTED.java:69 GREATER -> GREATER_EQUALS |","true","false","1.610619","11.0","6.0"
"faulty_programs.FIND_IN_SORTED.faulty_programs.FIND_IN_SORTED.binsearch(int[],int,int,int)","| gin.edit.statement.SwapStatement quixbugs/faulty_programs/FIND_IN_SORTED.java:57 <-> quixbugs/faulty_programs/FIND_IN_SORTED.java:47 | gin.edit.modifynode.ReplaceExpression quixbugs/faulty_programs/FIND_IN_SORTED.java:75 -> quixbugs/faulty_programs/FIND_IN_SORTED.java:58 | gin.edit.statement.SwapStatement quixbugs/faulty_programs/FIND_IN_SORTED.java:57 <-> quixbugs/faulty_programs/FIND_IN_SORTED.java:47 | gin.edit.statement.SwapStatement quixbugs/faulty_programs/FIND_IN_SORTED.java:68 <-> quixbugs/faulty_programs/FIND_IN_SORTED.java:27 | gin.edit.statement.SwapStatement quixbugs/faulty_programs/FIND_IN_SORTED.java:20 <-> quixbugs/faulty_programs/FIND_IN_SORTED.java:27 | gin.edit.statement.SwapStatement quixbugs/faulty_programs/FIND_IN_SORTED.java:89 <-> quixbugs/faulty_programs/FIND_IN_SORTED.java:78 | gin.edit.modifynode.SwapExpression quixbugs/faulty_programs/FIND_IN_SORTED.java:51 <-> quixbugs/faulty_programs/FIND_IN_SORTED.java:60 | gin.edit.modifynode.ReplaceExpression quixbugs/faulty_programs/FIND_IN_SORTED.java:29 -> quixbugs/faulty_programs/FIND_IN_SORTED.java:30 |","true","false","1.774806","11.0","6.0"
"faulty_programs.FIND_IN_SORTED.faulty_programs.FIND_IN_SORTED.binsearch(int[],int,int,int)","| gin.edit.statement.SwapStatement quixbugs/faulty_programs/FIND_IN_SORTED.java:57 <-> quixbugs/faulty_programs/FIND_IN_SORTED.java:47 | gin.edit.statement.SwapStatement quixbugs/faulty_programs/FIND_IN_SORTED.java:20 <-> quixbugs/faulty_programs/FIND_IN_SORTED.java:27 | gin.edit.modifynode.UnaryOperatorReplacement  quixbugs/faulty_programs/FIND_IN_SORTED.java:29 MINUS -> LOGICAL_COMPLEMENT | gin.edit.statement.SwapStatement quixbugs/faulty_programs/FIND_IN_SORTED.java:89 <-> quixbugs/faulty_programs/FIND_IN_SORTED.java:78 | gin.edit.statement.DeleteStatement quixbugs/faulty_programs/FIND_IN_SORTED.java:68 | gin.edit.modifynode.ReplaceExpression quixbugs/faulty_programs/FIND_IN_SORTED.java:79 -> quixbugs/faulty_programs/FIND_IN_SORTED.java:58 | gin.edit.statement.SwapStatement quixbugs/faulty_programs/FIND_IN_SORTED.java:20 <-> quixbugs/faulty_programs/FIND_IN_SORTED.java:77 |","true","false","1.723372","11.0","6.0"
"faulty_programs.FIND_IN_SORTED.faulty_programs.FIND_IN_SORTED.binsearch(int[],int,int,int)","| gin.edit.modifynode.ReplaceExpression quixbugs/faulty_programs/FIND_IN_SORTED.java:75 -> quixbugs/faulty_programs/FIND_IN_SORTED.java:58 | gin.edit.statement.SwapStatement quixbugs/faulty_programs/FIND_IN_SORTED.java:57 <-> quixbugs/faulty_programs/FIND_IN_SORTED.java:47 | gin.edit.statement.SwapStatement quixbugs/faulty_programs/FIND_IN_SORTED.java:68 <-> quixbugs/faulty_programs/FIND_IN_SORTED.java:27 | gin.edit.statement.SwapStatement quixbugs/faulty_programs/FIND_IN_SORTED.java:89 <-> quixbugs/faulty_programs/FIND_IN_SORTED.java:78 | gin.edit.modifynode.SwapExpression quixbugs/faulty_programs/FIND_IN_SORTED.java:51 <-> quixbugs/faulty_programs/FIND_IN_SORTED.java:60 | gin.edit.statement.SwapStatement quixbugs/faulty_programs/FIND_IN_SORTED.java:57 <-> quixbugs/faulty_programs/FIND_IN_SORTED.java:47 | gin.edit.modifynode.UnaryOperatorReplacement  quixbugs/faulty_programs/FIND_IN_SORTED.java:29 MINUS -> LOGICAL_COMPLEMENT | gin.edit.statement.SwapStatement quixbugs/faulty_programs/FIND_IN_SORTED.java:89 <-> quixbugs/faulty_programs/FIND_IN_SORTED.java:78 | gin.edit.statement.CopyStatement quixbugs/faulty_programs/FIND_IN_SORTED.java:20 -> quixbugs/faulty_programs/FIND_IN_SORTED.java:56:56 |","false","false","0.0","0.0","-5.0"
"faulty_programs.FIND_IN_SORTED.faulty_programs.FIND_IN_SORTED.binsearch(int[],int,int,int)","| gin.edit.statement.SwapStatement quixbugs/faulty_programs/FIND_IN_SORTED.java:89 <-> quixbugs/faulty_programs/FIND_IN_SORTED.java:78 | gin.edit.modifynode.ReplaceExpression quixbugs/faulty_programs/FIND_IN_SORTED.java:79 -> quixbugs/faulty_programs/FIND_IN_SORTED.java:58 | gin.edit.modifynode.ReplaceExpression quixbugs/faulty_programs/FIND_IN_SORTED.java:75 -> quixbugs/faulty_programs/FIND_IN_SORTED.java:58 | gin.edit.statement.SwapStatement quixbugs/faulty_programs/FIND_IN_SORTED.java:57 <-> quixbugs/faulty_programs/FIND_IN_SORTED.java:47 | gin.edit.statement.SwapStatement quixbugs/faulty_programs/FIND_IN_SORTED.java:68 <-> quixbugs/faulty_programs/FIND_IN_SORTED.java:27 | gin.edit.statement.SwapStatement quixbugs/faulty_programs/FIND_IN_SORTED.java:20 <-> quixbugs/faulty_programs/FIND_IN_SORTED.java:27 | gin.edit.modifynode.SwapExpression quixbugs/faulty_programs/FIND_IN_SORTED.java:51 <-> quixbugs/faulty_programs/FIND_IN_SORTED.java:60 | gin.edit.statement.CopyStatement quixbugs/faulty_programs/FIND_IN_SORTED.java:77 -> quixbugs/faulty_programs/FIND_IN_SORTED.java:27:27 |","true","false","1.413198","11.0","6.0"
"faulty_programs.FIND_IN_SORTED.faulty_programs.FIND_IN_SORTED.binsearch(int[],int,int,int)","| gin.edit.statement.SwapStatement quixbugs/faulty_programs/FIND_IN_SORTED.java:20 <-> quixbugs/faulty_programs/FIND_IN_SORTED.java:27 | gin.edit.modifynode.SwapExpression quixbugs/faulty_programs/FIND_IN_SORTED.java:52 <-> quixbugs/faulty_programs/FIND_IN_SORTED.java:62 | gin.edit.statement.CopyStatement quixbugs/faulty_programs/FIND_IN_SORTED.java:20 -> quixbugs/faulty_programs/FIND_IN_SORTED.java:27:28 | gin.edit.statement.CopyStatement quixbugs/faulty_programs/FIND_IN_SORTED.java:47 -> quixbugs/faulty_programs/FIND_IN_SORTED.java:20:31 | gin.edit.statement.SwapStatement quixbugs/faulty_programs/FIND_IN_SORTED.java:21 <-> quixbugs/faulty_programs/FIND_IN_SORTED.java:57 | gin.edit.statement.DeleteStatement quixbugs/faulty_programs/FIND_IN_SORTED.java:89 |","true","false","1.516848","11.0","6.0"
"faulty_programs.FIND_IN_SORTED.faulty_programs.FIND_IN_SORTED.binsearch(int[],int,int,int)","| gin.edit.statement.SwapStatement quixbugs/faulty_programs/FIND_IN_SORTED.java:20 <-> quixbugs/faulty_programs/FIND_IN_SORTED.java:27 | gin.edit.statement.CopyStatement quixbugs/faulty_programs/FIND_IN_SORTED.java:20 -> quixbugs/faulty_programs/FIND_IN_SORTED.java:27:28 | gin.edit.modifynode.SwapExpression quixbugs/faulty_programs/FIND_IN_SORTED.java:54 <-> quixbugs/faulty_programs/FIND_IN_SORTED.java:81 | gin.edit.modifynode.UnaryOperatorReplacement  quixbugs/faulty_programs/FIND_IN_SORTED.java:29 MINUS -> PLUS | gin.edit.modifynode.UnaryOperatorReplacement  quixbugs/faulty_programs/FIND_IN_SORTED.java:29 MINUS -> BITWISE_COMPLEMENT | gin.edit.statement.CopyStatement quixbugs/faulty_programs/FIND_IN_SORTED.java:21 -> quixbugs/faulty_programs/FIND_IN_SORTED.java:77:78 | gin.edit.modifynode.BinaryOperatorReplacement  quixbugs/faulty_programs/FIND_IN_SORTED.java:39 DIVIDE -> REMAINDER |","true","false","1.753541","11.0","6.0"
"faulty_programs.FIND_IN_SORTED.faulty_programs.FIND_IN_SORTED.binsearch(int[],int,int,int)","| gin.edit.modifynode.SwapExpression quixbugs/faulty_programs/FIND_IN_SORTED.java:52 <-> quixbugs/faulty_programs/FIND_IN_SORTED.java:62 | gin.edit.statement.CopyStatement quixbugs/faulty_programs/FIND_IN_SORTED.java:20 -> quixbugs/faulty_programs/FIND_IN_SORTED.java:27:28 | gin.edit.statement.SwapStatement quixbugs/faulty_programs/FIND_IN_SORTED.java:21 <-> quixbugs/faulty_programs/FIND_IN_SORTED.java:57 | gin.edit.statement.SwapStatement quixbugs/faulty_programs/FIND_IN_SORTED.java:20 <-> quixbugs/faulty_programs/FIND_IN_SORTED.java:27 | gin.edit.statement.CopyStatement quixbugs/faulty_programs/FIND_IN_SORTED.java:20 -> quixbugs/faulty_programs/FIND_IN_SORTED.java:27:28 | gin.edit.modifynode.UnaryOperatorReplacement  quixbugs/faulty_programs/FIND_IN_SORTED.java:29 MINUS -> PLUS | gin.edit.modifynode.UnaryOperatorReplacement  quixbugs/faulty_programs/FIND_IN_SORTED.java:29 MINUS -> BITWISE_COMPLEMENT | gin.edit.modifynode.ReplaceExpression quixbugs/faulty_programs/FIND_IN_SORTED.java:51 -> quixbugs/faulty_programs/FIND_IN_SORTED.java:79 |","false","false","0.0","0.0","-5.0"
"faulty_programs.FIND_IN_SORTED.faulty_programs.FIND_IN_SORTED.binsearch(int[],int,int,int)","| gin.edit.statement.SwapStatement quixbugs/faulty_programs/FIND_IN_SORTED.java:20 <-> quixbugs/faulty_programs/FIND_IN_SORTED.java:27 | gin.edit.modifynode.SwapExpression quixbugs/faulty_programs/FIND_IN_SORTED.java:54 <-> quixbugs/faulty_programs/FIND_IN_SORTED.java:81 | gin.edit.modifynode.UnaryOperatorReplacement  quixbugs/faulty_programs/FIND_IN_SORTED.java:29 MINUS -> PLUS | gin.edit.statement.CopyStatement quixbugs/faulty_programs/FIND_IN_SORTED.java:20 -> quixbugs/faulty_programs/FIND_IN_SORTED.java:27:28 | gin.edit.modifynode.SwapExpression quixbugs/faulty_programs/FIND_IN_SORTED.java:22 <-> quixbugs/faulty_programs/FIND_IN_SORTED.java:22 |","true","false","1.725088","11.0","6.0"
"faulty_programs.FIND_IN_SORTED.faulty_programs.FIND_IN_SORTED.binsearch(int[],int,int,int)","| gin.edit.statement.SwapStatement quixbugs/faulty_programs/FIND_IN_SORTED.java:20 <-> quixbugs/faulty_programs/FIND_IN_SORTED.java:27 | gin.edit.modifynode.ReplaceExpression quixbugs/faulty_programs/FIND_IN_SORTED.java:42 -> quixbugs/faulty_programs/FIND_IN_SORTED.java:66 | gin.edit.statement.CopyStatement quixbugs/faulty_programs/FIND_IN_SORTED.java:89 -> quixbugs/faulty_programs/FIND_IN_SORTED.java:56:57 | gin.edit.modifynode.BinaryOperatorReplacement  quixbugs/faulty_programs/FIND_IN_SORTED.java:48 LESS -> EQUALS | gin.edit.modifynode.SwapExpression quixbugs/faulty_programs/FIND_IN_SORTED.java:22 <-> quixbugs/faulty_programs/FIND_IN_SORTED.java:25 |","true","false","1.448965","11.0","6.0"
"faulty_programs.FIND_IN_SORTED.faulty_programs.FIND_IN_SORTED.binsearch(int[],int,int,int)","| gin.edit.statement.SwapStatement quixbugs/faulty_programs/FIND_IN_SORTED.java:20 <-> quixbugs/faulty_programs/FIND_IN_SORTED.java:27 | gin.edit.modifynode.SwapExpression quixbugs/faulty_programs/FIND_IN_SORTED.java:52 <-> quixbugs/faulty_programs/FIND_IN_SORTED.java:62 | gin.edit.statement.CopyStatement quixbugs/faulty_programs/FIND_IN_SORTED.java:20 -> quixbugs/faulty_programs/FIND_IN_SORTED.java:27:28 | gin.edit.statement.CopyStatement quixbugs/faulty_programs/FIND_IN_SORTED.java:47 -> quixbugs/faulty_programs/FIND_IN_SORTED.java:20:31 | gin.edit.statement.SwapStatement quixbugs/faulty_programs/FIND_IN_SORTED.java:21 <-> quixbugs/faulty_programs/FIND_IN_SORTED.java:57 | gin.edit.modifynode.SwapExpression quixbugs/faulty_programs/FIND_IN_SORTED.java:37 <-> quixbugs/faulty_programs/FIND_IN_SORTED.java:37 |","true","false","1.585383","11.0","6.0"
"faulty_programs.FIND_IN_SORTED.faulty_programs.FIND_IN_SORTED.binsearch(int[],int,int,int)","| gin.edit.modifynode.BinaryOperatorReplacement  quixbugs/faulty_programs/FIND_IN_SORTED.java:48 LESS -> EQUALS | gin.edit.modifynode.SwapExpression quixbugs/faulty_programs/FIND_IN_SORTED.java:52 <-> quixbugs/faulty_programs/FIND_IN_SORTED.java:62 | gin.edit.statement.CopyStatement quixbugs/faulty_programs/FIND_IN_SORTED.java:20 -> quixbugs/faulty_programs/FIND_IN_SORTED.java:27:28 | gin.edit.statement.SwapStatement quixbugs/faulty_programs/FIND_IN_SORTED.java:21 <-> quixbugs/faulty_programs/FIND_IN_SORTED.java:57 | gin.edit.modifynode.UnaryOperatorReplacement  quixbugs/faulty_programs/FIND_IN_SORTED.java:29 MINUS -> PLUS |","false","false","0.0","0.0","-5.0"
"faulty_programs.FIND_IN_SORTED.faulty_programs.FIND_IN_SORTED.binsearch(int[],int,int,int)","| gin.edit.statement.SwapStatement quixbugs/faulty_programs/FIND_IN_SORTED.java:20 <-> quixbugs/faulty_programs/FIND_IN_SORTED.java:27 | gin.edit.modifynode.SwapExpression quixbugs/faulty_programs/FIND_IN_SORTED.java:52 <-> quixbugs/faulty_programs/FIND_IN_SORTED.java:62 | gin.edit.statement.CopyStatement quixbugs/faulty_programs/FIND_IN_SORTED.java:47 -> quixbugs/faulty_programs/FIND_IN_SORTED.java:20:31 | gin.edit.statement.CopyStatement quixbugs/faulty_programs/FIND_IN_SORTED.java:89 -> quixbugs/faulty_programs/FIND_IN_SORTED.java:56:57 | gin.edit.modifynode.BinaryOperatorReplacement  quixbugs/faulty_programs/FIND_IN_SORTED.java:48 LESS -> EQUALS | gin.edit.modifynode.SwapExpression quixbugs/faulty_programs/FIND_IN_SORTED.java:54 <-> quixbugs/faulty_programs/FIND_IN_SORTED.java:64 |","true","false","1.728086","11.0","6.0"
"faulty_programs.FIND_IN_SORTED.faulty_programs.FIND_IN_SORTED.binsearch(int[],int,int,int)","| gin.edit.statement.SwapStatement quixbugs/faulty_programs/FIND_IN_SORTED.java:20 <-> quixbugs/faulty_programs/FIND_IN_SORTED.java:27 | gin.edit.modifynode.ReplaceExpression quixbugs/faulty_programs/FIND_IN_SORTED.java:42 -> quixbugs/faulty_programs/FIND_IN_SORTED.java:66 | gin.edit.statement.CopyStatement quixbugs/faulty_programs/FIND_IN_SORTED.java:89 -> quixbugs/faulty_programs/FIND_IN_SORTED.java:56:57 | gin.edit.modifynode.BinaryOperatorReplacement  quixbugs/faulty_programs/FIND_IN_SORTED.java:48 LESS -> EQUALS | gin.edit.modifynode.BinaryOperatorReplacement  quixbugs/faulty_programs/FIND_IN_SORTED.java:39 DIVIDE -> LEFT_SHIFT | gin.edit.statement.SwapStatement quixbugs/faulty_programs/FIND_IN_SORTED.java:21 <-> quixbugs/faulty_programs/FIND_IN_SORTED.java:90 |","true","false","1.534616","11.0","6.0"
"faulty_programs.FIND_IN_SORTED.faulty_programs.FIND_IN_SORTED.binsearch(int[],int,int,int)","| gin.edit.statement.SwapStatement quixbugs/faulty_programs/FIND_IN_SORTED.java:57 <-> quixbugs/faulty_programs/FIND_IN_SORTED.java:47 | gin.edit.modifynode.ReplaceExpression quixbugs/faulty_programs/FIND_IN_SORTED.java:64 -> quixbugs/faulty_programs/FIND_IN_SORTED.java:60 | gin.edit.modifynode.ReplaceExpression quixbugs/faulty_programs/FIND_IN_SORTED.java:58 -> quixbugs/faulty_programs/FIND_IN_SORTED.java:70 | gin.edit.statement.SwapStatement quixbugs/faulty_programs/FIND_IN_SORTED.java:68 <-> quixbugs/faulty_programs/FIND_IN_SORTED.java:89 | gin.edit.statement.CopyStatement quixbugs/faulty_programs/FIND_IN_SORTED.java:28 -> quixbugs/faulty_programs/FIND_IN_SORTED.java:56:57 | gin.edit.statement.ReplaceStatement quixbugs/faulty_programs/FIND_IN_SORTED.java:31 -> quixbugs/faulty_programs/FIND_IN_SORTED.java:31 |","true","false","2.108052","11.0","6.0"
"faulty_programs.FIND_IN_SORTED.faulty_programs.FIND_IN_SORTED.binsearch(int[],int,int,int)","| gin.edit.modifynode.BinaryOperatorReplacement  quixbugs/faulty_programs/FIND_IN_SORTED.java:48 LESS -> EQUALS | gin.edit.statement.SwapStatement quixbugs/faulty_programs/FIND_IN_SORTED.java:57 <-> quixbugs/faulty_programs/FIND_IN_SORTED.java:47 | gin.edit.statement.ReplaceStatement quixbugs/faulty_programs/FIND_IN_SORTED.java:90 -> quixbugs/faulty_programs/FIND_IN_SORTED.java:89 |","true","false","3.196018","11.0","6.0"
"faulty_programs.FIND_IN_SORTED.faulty_programs.FIND_IN_SORTED.binsearch(int[],int,int,int)","| gin.edit.statement.SwapStatement quixbugs/faulty_programs/FIND_IN_SORTED.java:57 <-> quixbugs/faulty_programs/FIND_IN_SORTED.java:47 | gin.edit.modifynode.ReplaceExpression quixbugs/faulty_programs/FIND_IN_SORTED.java:58 -> quixbugs/faulty_programs/FIND_IN_SORTED.java:70 | gin.edit.statement.CopyStatement quixbugs/faulty_programs/FIND_IN_SORTED.java:28 -> quixbugs/faulty_programs/FIND_IN_SORTED.java:56:57 | gin.edit.modifynode.ReplaceExpression quixbugs/faulty_programs/FIND_IN_SORTED.java:42 -> quixbugs/faulty_programs/FIND_IN_SORTED.java:66 | gin.edit.statement.CopyStatement quixbugs/faulty_programs/FIND_IN_SORTED.java:90 -> quixbugs/faulty_programs/FIND_IN_SORTED.java:20:20 |","true","false","1.668454","11.0","6.0"
"faulty_programs.FIND_IN_SORTED.faulty_programs.FIND_IN_SORTED.binsearch(int[],int,int,int)","| gin.edit.statement.SwapStatement quixbugs/faulty_programs/FIND_IN_SORTED.java:20 <-> quixbugs/faulty_programs/FIND_IN_SORTED.java:27 | gin.edit.modifynode.UnaryOperatorReplacement  quixbugs/faulty_programs/FIND_IN_SORTED.java:29 MINUS -> PLUS | gin.edit.statement.CopyStatement quixbugs/faulty_programs/FIND_IN_SORTED.java:104 -> quixbugs/faulty_programs/FIND_IN_SORTED.java:27:27 |","true","false","1.832184","11.0","6.0"
"faulty_programs.FIND_IN_SORTED.faulty_programs.FIND_IN_SORTED.binsearch(int[],int,int,int)","| gin.edit.statement.SwapStatement quixbugs/faulty_programs/FIND_IN_SORTED.java:20 <-> quixbugs/faulty_programs/FIND_IN_SORTED.java:27 | gin.edit.modifynode.BinaryOperatorReplacement  quixbugs/faulty_programs/FIND_IN_SORTED.java:36 PLUS -> LEFT_SHIFT | gin.edit.modifynode.SwapExpression quixbugs/faulty_programs/FIND_IN_SORTED.java:52 <-> quixbugs/faulty_programs/FIND_IN_SORTED.java:62 | gin.edit.modifynode.SwapExpression quixbugs/faulty_programs/FIND_IN_SORTED.java:29 <-> quixbugs/faulty_programs/FIND_IN_SORTED.java:75 | gin.edit.modifynode.ReplaceExpression quixbugs/faulty_programs/FIND_IN_SORTED.java:60 -> quixbugs/faulty_programs/FIND_IN_SORTED.java:72 | gin.edit.modifynode.SwapExpression quixbugs/faulty_programs/FIND_IN_SORTED.java:58 <-> quixbugs/faulty_programs/FIND_IN_SORTED.java:83 |","true","false","1.692833","11.0","6.0"
"faulty_programs.FIND_IN_SORTED.faulty_programs.FIND_IN_SORTED.binsearch(int[],int,int,int)","| gin.edit.modifynode.BinaryOperatorReplacement  quixbugs/faulty_programs/FIND_IN_SORTED.java:36 PLUS -> LEFT_SHIFT | gin.edit.modifynode.BinaryOperatorReplacement  quixbugs/faulty_programs/FIND_IN_SORTED.java:39 DIVIDE -> REMAINDER |","true","false","17.6804","1.0","-4.0"
"faulty_programs.FIND_IN_SORTED.faulty_programs.FIND_IN_SORTED.binsearch(int[],int,int,int)","| gin.edit.statement.SwapStatement quixbugs/faulty_programs/FIND_IN_SORTED.java:20 <-> quixbugs/faulty_programs/FIND_IN_SORTED.java:27 | gin.edit.modifynode.BinaryOperatorReplacement  quixbugs/faulty_programs/FIND_IN_SORTED.java:36 PLUS -> LEFT_SHIFT | gin.edit.modifynode.SwapExpression quixbugs/faulty_programs/FIND_IN_SORTED.java:52 <-> quixbugs/faulty_programs/FIND_IN_SORTED.java:62 | gin.edit.modifynode.SwapExpression quixbugs/faulty_programs/FIND_IN_SORTED.java:29 <-> quixbugs/faulty_programs/FIND_IN_SORTED.java:75 | gin.edit.modifynode.ReplaceExpression quixbugs/faulty_programs/FIND_IN_SORTED.java:60 -> quixbugs/faulty_programs/FIND_IN_SORTED.java:72 | gin.edit.statement.SwapStatement quixbugs/faulty_programs/FIND_IN_SORTED.java:20 <-> quixbugs/faulty_programs/FIND_IN_SORTED.java:27 | gin.edit.modifynode.UnaryOperatorReplacement  quixbugs/faulty_programs/FIND_IN_SORTED.java:29 MINUS -> PLUS | gin.edit.modifynode.UnaryOperatorReplacement  quixbugs/faulty_programs/FIND_IN_SORTED.java:29 MINUS -> PLUS |","true","false","1.619585","11.0","6.0"
"faulty_programs.FIND_IN_SORTED.faulty_programs.FIND_IN_SORTED.binsearch(int[],int,int,int)","| gin.edit.modifynode.BinaryOperatorReplacement  quixbugs/faulty_programs/FIND_IN_SORTED.java:48 LESS -> GREATER | gin.edit.modifynode.BinaryOperatorReplacement  quixbugs/faulty_programs/FIND_IN_SORTED.java:41 MINUS -> SIGNED_RIGHT_SHIFT | gin.edit.modifynode.BinaryOperatorReplacement  quixbugs/faulty_programs/FIND_IN_SORTED.java:48 LESS -> LESS_EQUALS | gin.edit.modifynode.SwapExpression quixbugs/faulty_programs/FIND_IN_SORTED.java:42 <-> quixbugs/faulty_programs/FIND_IN_SORTED.java:87 |","true","false","1.631691","13.0","8.0"
"faulty_programs.FIND_IN_SORTED.faulty_programs.FIND_IN_SORTED.binsearch(int[],int,int,int)","| gin.edit.statement.SwapStatement quixbugs/faulty_programs/FIND_IN_SORTED.java:57 <-> quixbugs/faulty_programs/FIND_IN_SORTED.java:47 | gin.edit.modifynode.ReplaceExpression quixbugs/faulty_programs/FIND_IN_SORTED.java:64 -> quixbugs/faulty_programs/FIND_IN_SORTED.java:60 | gin.edit.modifynode.ReplaceExpression quixbugs/faulty_programs/FIND_IN_SORTED.java:58 -> quixbugs/faulty_programs/FIND_IN_SORTED.java:70 | gin.edit.statement.SwapStatement quixbugs/faulty_programs/FIND_IN_SORTED.java:68 <-> quixbugs/faulty_programs/FIND_IN_SORTED.java:89 | gin.edit.statement.CopyStatement quixbugs/faulty_programs/FIND_IN_SORTED.java:28 -> quixbugs/faulty_programs/FIND_IN_SORTED.java:56:57 | gin.edit.modifynode.SwapExpression quixbugs/faulty_programs/FIND_IN_SORTED.java:42 <-> quixbugs/faulty_programs/FIND_IN_SORTED.java:40 |","true","false","1.472138","11.0","6.0"
"faulty_programs.FIND_IN_SORTED.faulty_programs.FIND_IN_SORTED.binsearch(int[],int,int,int)","| gin.edit.modifynode.BinaryOperatorReplacement  quixbugs/faulty_programs/FIND_IN_SORTED.java:48 LESS -> GREATER | gin.edit.statement.SwapStatement quixbugs/faulty_programs/FIND_IN_SORTED.java:57 <-> quixbugs/faulty_programs/FIND_IN_SORTED.java:47 | gin.edit.modifynode.ReplaceExpression quixbugs/faulty_programs/FIND_IN_SORTED.java:64 -> quixbugs/faulty_programs/FIND_IN_SORTED.java:60 | gin.edit.modifynode.ReplaceExpression quixbugs/faulty_programs/FIND_IN_SORTED.java:58 -> quixbugs/faulty_programs/FIND_IN_SORTED.java:70 | gin.edit.statement.DeleteStatement quixbugs/faulty_programs/FIND_IN_SORTED.java:28 |","true","false","15.891963","0.0","-5.0"
"faulty_programs.FIND_IN_SORTED.faulty_programs.FIND_IN_SORTED.binsearch(int[],int,int,int)","| gin.edit.statement.SwapStatement quixbugs/faulty_programs/FIND_IN_SORTED.java:57 <-> quixbugs/faulty_programs/FIND_IN_SORTED.java:47 | gin.edit.modifynode.ReplaceExpression quixbugs/faulty_programs/FIND_IN_SORTED.java:64 -> quixbugs/faulty_programs/FIND_IN_SORTED.java:60 | gin.edit.modifynode.ReplaceExpression quixbugs/faulty_programs/FIND_IN_SORTED.java:58 -> quixbugs/faulty_programs/FIND_IN_SORTED.java:70 | gin.edit.statement.CopyStatement quixbugs/faulty_programs/FIND_IN_SORTED.java:28 -> quixbugs/faulty_programs/FIND_IN_SORTED.java:56:57 | gin.edit.statement.CopyStatement quixbugs/faulty_programs/FIND_IN_SORTED.java:56 -> quixbugs/faulty_programs/FIND_IN_SORTED.java:27:27 |","true","false","1.43146","11.0","6.0"
"faulty_programs.FIND_IN_SORTED.faulty_programs.FIND_IN_SORTED.binsearch(int[],int,int,int)","| gin.edit.statement.SwapStatement quixbugs/faulty_programs/FIND_IN_SORTED.java:20 <-> quixbugs/faulty_programs/FIND_IN_SORTED.java:27 | gin.edit.modifynode.ReplaceExpression quixbugs/faulty_programs/FIND_IN_SORTED.java:42 -> quixbugs/faulty_programs/FIND_IN_SORTED.java:66 | gin.edit.statement.CopyStatement quixbugs/faulty_programs/FIND_IN_SORTED.java:89 -> quixbugs/faulty_programs/FIND_IN_SORTED.java:56:57 | gin.edit.modifynode.BinaryOperatorReplacement  quixbugs/faulty_programs/FIND_IN_SORTED.java:48 LESS -> EQUALS | gin.edit.modifynode.BinaryOperatorReplacement  quixbugs/faulty_programs/FIND_IN_SORTED.java:39 DIVIDE -> LEFT_SHIFT | gin.edit.statement.ReplaceStatement quixbugs/faulty_programs/FIND_IN_SORTED.java:103 -> quixbugs/faulty_programs/FIND_IN_SORTED.java:27 |","true","false","1.880535","11.0","6.0"
"faulty_programs.FIND_IN_SORTED.faulty_programs.FIND_IN_SORTED.binsearch(int[],int,int,int)","| gin.edit.statement.SwapStatement quixbugs/faulty_programs/FIND_IN_SORTED.java:57 <-> quixbugs/faulty_programs/FIND_IN_SORTED.java:47 | gin.edit.modifynode.SwapExpression quixbugs/faulty_programs/FIND_IN_SORTED.java:54 <-> quixbugs/faulty_programs/FIND_IN_SORTED.java:81 | gin.edit.modifynode.SwapExpression quixbugs/faulty_programs/FIND_IN_SORTED.java:40 <-> quixbugs/faulty_programs/FIND_IN_SORTED.java:54 | gin.edit.statement.SwapStatement quixbugs/faulty_programs/FIND_IN_SORTED.java:27 <-> quixbugs/faulty_programs/FIND_IN_SORTED.java:56 | gin.edit.statement.ReplaceStatement quixbugs/faulty_programs/FIND_IN_SORTED.java:31 -> quixbugs/faulty_programs/FIND_IN_SORTED.java:47 | gin.edit.statement.CopyStatement quixbugs/faulty_programs/FIND_IN_SORTED.java:20 -> quixbugs/faulty_programs/FIND_IN_SORTED.java:77:78 | gin.edit.statement.DeleteStatement quixbugs/faulty_programs/FIND_IN_SORTED.java:77 |","true","false","11.481558","11.0","6.0"
"faulty_programs.FIND_IN_SORTED.faulty_programs.FIND_IN_SORTED.binsearch(int[],int,int,int)","| gin.edit.modifynode.ReplaceExpression quixbugs/faulty_programs/FIND_IN_SORTED.java:42 -> quixbugs/faulty_programs/FIND_IN_SORTED.java:66 | gin.edit.modifynode.BinaryOperatorReplacement  quixbugs/faulty_programs/FIND_IN_SORTED.java:39 DIVIDE -> LEFT_SHIFT | gin.edit.statement.ReplaceStatement quixbugs/faulty_programs/FIND_IN_SORTED.java:31 -> quixbugs/faulty_programs/FIND_IN_SORTED.java:47 | gin.edit.modifynode.UnaryOperatorReplacement  quixbugs/faulty_programs/FIND_IN_SORTED.java:29 MINUS -> PLUS |","false","false","0.0","0.0","-5.0"
"faulty_programs.FIND_IN_SORTED.faulty_programs.FIND_IN_SORTED.binsearch(int[],int,int,int)","| gin.edit.statement.SwapStatement quixbugs/faulty_programs/FIND_IN_SORTED.java:57 <-> quixbugs/faulty_programs/FIND_IN_SORTED.java:47 | gin.edit.modifynode.SwapExpression quixbugs/faulty_programs/FIND_IN_SORTED.java:54 <-> quixbugs/faulty_programs/FIND_IN_SORTED.java:81 | gin.edit.modifynode.SwapExpression quixbugs/faulty_programs/FIND_IN_SORTED.java:40 <-> quixbugs/faulty_programs/FIND_IN_SORTED.java:54 | gin.edit.statement.SwapStatement quixbugs/faulty_programs/FIND_IN_SORTED.java:27 <-> quixbugs/faulty_programs/FIND_IN_SORTED.java:56 | gin.edit.statement.CopyStatement quixbugs/faulty_programs/FIND_IN_SORTED.java:20 -> quixbugs/faulty_programs/FIND_IN_SORTED.java:77:78 | gin.edit.statement.CopyStatement quixbugs/faulty_programs/FIND_IN_SORTED.java:89 -> quixbugs/faulty_programs/FIND_IN_SORTED.java:56:57 | gin.edit.modifynode.BinaryOperatorReplacement  quixbugs/faulty_programs/FIND_IN_SORTED.java:48 LESS -> EQUALS | gin.edit.modifynode.SwapExpression quixbugs/faulty_programs/FIND_IN_SORTED.java:41 <-> quixbugs/faulty_programs/FIND_IN_SORTED.java:66 |","true","false","2.663416","11.0","6.0"
"faulty_programs.FIND_IN_SORTED.faulty_programs.FIND_IN_SORTED.binsearch(int[],int,int,int)","| gin.edit.statement.SwapStatement quixbugs/faulty_programs/FIND_IN_SORTED.java:20 <-> quixbugs/faulty_programs/FIND_IN_SORTED.java:27 | gin.edit.modifynode.SwapExpression quixbugs/faulty_programs/FIND_IN_SORTED.java:54 <-> quixbugs/faulty_programs/FIND_IN_SORTED.java:81 | gin.edit.modifynode.UnaryOperatorReplacement  quixbugs/faulty_programs/FIND_IN_SORTED.java:29 MINUS -> PLUS | gin.edit.statement.CopyStatement quixbugs/faulty_programs/FIND_IN_SORTED.java:20 -> quixbugs/faulty_programs/FIND_IN_SORTED.java:27:28 | gin.edit.modifynode.SwapExpression quixbugs/faulty_programs/FIND_IN_SORTED.java:22 <-> quixbugs/faulty_programs/FIND_IN_SORTED.java:22 | gin.edit.modifynode.ReplaceExpression quixbugs/faulty_programs/FIND_IN_SORTED.java:22 -> quixbugs/faulty_programs/FIND_IN_SORTED.java:58 |","true","false","1.709565","11.0","6.0"
"faulty_programs.FIND_IN_SORTED.faulty_programs.FIND_IN_SORTED.binsearch(int[],int,int,int)","| gin.edit.statement.SwapStatement quixbugs/faulty_programs/FIND_IN_SORTED.java:20 <-> quixbugs/faulty_programs/FIND_IN_SORTED.java:27 | gin.edit.modifynode.SwapExpression quixbugs/faulty_programs/FIND_IN_SORTED.java:30 <-> quixbugs/faulty_programs/FIND_IN_SORTED.java:70 | gin.edit.statement.SwapStatement quixbugs/faulty_programs/FIND_IN_SORTED.java:20 <-> quixbugs/faulty_programs/FIND_IN_SORTED.java:27 | gin.edit.statement.SwapStatement quixbugs/faulty_programs/FIND_IN_SORTED.java:89 <-> quixbugs/faulty_programs/FIND_IN_SORTED.java:78 | gin.edit.statement.DeleteStatement quixbugs/faulty_programs/FIND_IN_SORTED.java:68 | gin.edit.modifynode.ReplaceExpression quixbugs/faulty_programs/FIND_IN_SORTED.java:79 -> quixbugs/faulty_programs/FIND_IN_SORTED.java:58 | gin.edit.modifynode.BinaryOperatorReplacement  quixbugs/faulty_programs/FIND_IN_SORTED.java:69 GREATER -> GREATER_EQUALS | gin.edit.statement.DeleteStatement quixbugs/faulty_programs/FIND_IN_SORTED.java:47 |","true","false","1.610655","11.0","6.0"
"faulty_programs.FIND_IN_SORTED.faulty_programs.FIND_IN_SORTED.binsearch(int[],int,int,int)","| gin.edit.statement.SwapStatement quixbugs/faulty_programs/FIND_IN_SORTED.java:20 <-> quixbugs/faulty_programs/FIND_IN_SORTED.java:27 | gin.edit.modifynode.UnaryOperatorReplacement  quixbugs/faulty_programs/FIND_IN_SORTED.java:29 MINUS -> PLUS | gin.edit.modifynode.SwapExpression quixbugs/faulty_programs/FIND_IN_SORTED.java:22 <-> quixbugs/faulty_programs/FIND_IN_SORTED.java:22 | gin.edit.statement.SwapStatement quixbugs/faulty_programs/FIND_IN_SORTED.java:20 <-> quixbugs/faulty_programs/FIND_IN_SORTED.java:27 | gin.edit.modifynode.ReplaceExpression quixbugs/faulty_programs/FIND_IN_SORTED.java:79 -> quixbugs/faulty_programs/FIND_IN_SORTED.java:58 | gin.edit.modifynode.BinaryOperatorReplacement  quixbugs/faulty_programs/FIND_IN_SORTED.java:69 GREATER -> GREATER_EQUALS | gin.edit.statement.SwapStatement quixbugs/faulty_programs/FIND_IN_SORTED.java:90 <-> quixbugs/faulty_programs/FIND_IN_SORTED.java:28 |","true","false","1.538896","11.0","6.0"
"faulty_programs.FIND_IN_SORTED.faulty_programs.FIND_IN_SORTED.binsearch(int[],int,int,int)","| gin.edit.modifynode.SwapExpression quixbugs/faulty_programs/FIND_IN_SORTED.java:54 <-> quixbugs/faulty_programs/FIND_IN_SORTED.java:81 | gin.edit.statement.CopyStatement quixbugs/faulty_programs/FIND_IN_SORTED.java:20 -> quixbugs/faulty_programs/FIND_IN_SORTED.java:27:28 | gin.edit.modifynode.SwapExpression quixbugs/faulty_programs/FIND_IN_SORTED.java:62 <-> quixbugs/faulty_programs/FIND_IN_SORTED.java:29 |","false","false","0.0","0.0","-5.0"
"faulty_programs.FIND_IN_SORTED.faulty_programs.FIND_IN_SORTED.binsearch(int[],int,int,int)","| gin.edit.statement.SwapStatement quixbugs/faulty_programs/FIND_IN_SORTED.java:20 <-> quixbugs/faulty_programs/FIND_IN_SORTED.java:27 | gin.edit.modifynode.SwapExpression quixbugs/faulty_programs/FIND_IN_SORTED.java:30 <-> quixbugs/faulty_programs/FIND_IN_SORTED.java:70 | gin.edit.statement.SwapStatement quixbugs/faulty_programs/FIND_IN_SORTED.java:20 <-> quixbugs/faulty_programs/FIND_IN_SORTED.java:27 | gin.edit.statement.SwapStatement quixbugs/faulty_programs/FIND_IN_SORTED.java:89 <-> quixbugs/faulty_programs/FIND_IN_SORTED.java:78 | gin.edit.statement.DeleteStatement quixbugs/faulty_programs/FIND_IN_SORTED.java:68 | gin.edit.modifynode.ReplaceExpression quixbugs/faulty_programs/FIND_IN_SORTED.java:79 -> quixbugs/faulty_programs/FIND_IN_SORTED.java:58 | gin.edit.modifynode.BinaryOperatorReplacement  quixbugs/faulty_programs/FIND_IN_SORTED.java:69 GREATER -> GREATER_EQUALS | gin.edit.modifynode.UnaryOperatorReplacement  quixbugs/faulty_programs/FIND_IN_SORTED.java:29 MINUS -> PLUS |","true","false","1.398656","11.0","6.0"
"faulty_programs.FIND_IN_SORTED.faulty_programs.FIND_IN_SORTED.binsearch(int[],int,int,int)","| gin.edit.modifynode.BinaryOperatorReplacement  quixbugs/faulty_programs/FIND_IN_SORTED.java:48 LESS -> GREATER | gin.edit.modifynode.BinaryOperatorReplacement  quixbugs/faulty_programs/FIND_IN_SORTED.java:41 MINUS -> SIGNED_RIGHT_SHIFT | gin.edit.modifynode.BinaryOperatorReplacement  quixbugs/faulty_programs/FIND_IN_SORTED.java:48 LESS -> LESS_EQUALS | gin.edit.statement.CopyStatement quixbugs/faulty_programs/FIND_IN_SORTED.java:21 -> quixbugs/faulty_programs/FIND_IN_SORTED.java:89:89 |","true","false","1.569514","13.0","8.0"
"faulty_programs.FIND_IN_SORTED.faulty_programs.FIND_IN_SORTED.binsearch(int[],int,int,int)","| gin.edit.modifynode.SwapExpression quixbugs/faulty_programs/FIND_IN_SORTED.java:30 <-> quixbugs/faulty_programs/FIND_IN_SORTED.java:70 | gin.edit.statement.SwapStatement quixbugs/faulty_programs/FIND_IN_SORTED.java:20 <-> quixbugs/faulty_programs/FIND_IN_SORTED.java:27 | gin.edit.statement.SwapStatement quixbugs/faulty_programs/FIND_IN_SORTED.java:89 <-> quixbugs/faulty_programs/FIND_IN_SORTED.java:78 | gin.edit.statement.DeleteStatement quixbugs/faulty_programs/FIND_IN_SORTED.java:68 | gin.edit.modifynode.ReplaceExpression quixbugs/faulty_programs/FIND_IN_SORTED.java:79 -> quixbugs/faulty_programs/FIND_IN_SORTED.java:58 | gin.edit.statement.SwapStatement quixbugs/faulty_programs/FIND_IN_SORTED.java:31 <-> quixbugs/faulty_programs/FIND_IN_SORTED.java:78 |","true","false","1.70231","0.0","-5.0"
"faulty_programs.FIND_IN_SORTED.faulty_programs.FIND_IN_SORTED.binsearch(int[],int,int,int)","| gin.edit.modifynode.BinaryOperatorReplacement  quixbugs/faulty_programs/FIND_IN_SORTED.java:48 LESS -> LESS_EQUALS | gin.edit.modifynode.SwapExpression quixbugs/faulty_programs/FIND_IN_SORTED.java:30 <-> quixbugs/faulty_programs/FIND_IN_SORTED.java:70 | gin.edit.statement.SwapStatement quixbugs/faulty_programs/FIND_IN_SORTED.java:89 <-> quixbugs/faulty_programs/FIND_IN_SORTED.java:78 | gin.edit.statement.DeleteStatement quixbugs/faulty_programs/FIND_IN_SORTED.java:68 | gin.edit.modifynode.BinaryOperatorReplacement  quixbugs/faulty_programs/FIND_IN_SORTED.java:69 GREATER -> GREATER_EQUALS | gin.edit.statement.DeleteStatement quixbugs/faulty_programs/FIND_IN_SORTED.java:89 |","false","false","0.0","0.0","-5.0"
"faulty_programs.FIND_IN_SORTED.faulty_programs.FIND_IN_SORTED.binsearch(int[],int,int,int)","| gin.edit.statement.SwapStatement quixbugs/faulty_programs/FIND_IN_SORTED.java:89 <-> quixbugs/faulty_programs/FIND_IN_SORTED.java:78 | gin.edit.modifynode.ReplaceExpression quixbugs/faulty_programs/FIND_IN_SORTED.java:79 -> quixbugs/faulty_programs/FIND_IN_SORTED.java:58 | gin.edit.modifynode.ReplaceExpression quixbugs/faulty_programs/FIND_IN_SORTED.java:75 -> quixbugs/faulty_programs/FIND_IN_SORTED.java:58 | gin.edit.statement.SwapStatement quixbugs/faulty_programs/FIND_IN_SORTED.java:57 <-> quixbugs/faulty_programs/FIND_IN_SORTED.java:47 | gin.edit.statement.SwapStatement quixbugs/faulty_programs/FIND_IN_SORTED.java:68 <-> quixbugs/faulty_programs/FIND_IN_SORTED.java:27 | gin.edit.statement.SwapStatement quixbugs/faulty_programs/FIND_IN_SORTED.java:20 <-> quixbugs/faulty_programs/FIND_IN_SORTED.java:27 | gin.edit.modifynode.SwapExpression quixbugs/faulty_programs/FIND_IN_SORTED.java:51 <-> quixbugs/faulty_programs/FIND_IN_SORTED.java:60 | gin.edit.statement.CopyStatement quixbugs/faulty_programs/FIND_IN_SORTED.java:77 -> quixbugs/faulty_programs/FIND_IN_SORTED.java:27:27 | gin.edit.statement.ReplaceStatement quixbugs/faulty_programs/FIND_IN_SORTED.java:20 -> quixbugs/faulty_programs/FIND_IN_SORTED.java:77 |","true","false","1.48103","11.0","6.0"
"faulty_programs.FIND_IN_SORTED.faulty_programs.FIND_IN_SORTED.binsearch(int[],int,int,int)","| gin.edit.statement.SwapStatement quixbugs/faulty_programs/FIND_IN_SORTED.java:20 <-> quixbugs/faulty_programs/FIND_IN_SORTED.java:27 | gin.edit.modifynode.ReplaceExpression quixbugs/faulty_programs/FIND_IN_SORTED.java:42 -> quixbugs/faulty_programs/FIND_IN_SORTED.java:66 | gin.edit.statement.CopyStatement quixbugs/faulty_programs/FIND_IN_SORTED.java:89 -> quixbugs/faulty_programs/FIND_IN_SORTED.java:56:57 | gin.edit.modifynode.BinaryOperatorReplacement  quixbugs/faulty_programs/FIND_IN_SORTED.java:48 LESS -> EQUALS | gin.edit.modifynode.SwapExpression quixbugs/faulty_programs/FIND_IN_SORTED.java:22 <-> quixbugs/faulty_programs/FIND_IN_SORTED.java:25 | gin.edit.modifynode.ReplaceExpression quixbugs/faulty_programs/FIND_IN_SORTED.java:83 -> quixbugs/faulty_programs/FIND_IN_SORTED.java:85 |","true","false","1.585466","11.0","6.0"
"faulty_programs.FIND_IN_SORTED.faulty_programs.FIND_IN_SORTED.binsearch(int[],int,int,int)","| gin.edit.modifynode.ReplaceExpression quixbugs/faulty_programs/FIND_IN_SORTED.java:75 -> quixbugs/faulty_programs/FIND_IN_SORTED.java:58 | gin.edit.statement.SwapStatement quixbugs/faulty_programs/FIND_IN_SORTED.java:57 <-> quixbugs/faulty_programs/FIND_IN_SORTED.java:47 | gin.edit.statement.CopyStatement quixbugs/faulty_programs/FIND_IN_SORTED.java:77 -> quixbugs/faulty_programs/FIND_IN_SORTED.java:27:27 | gin.edit.statement.SwapStatement quixbugs/faulty_programs/FIND_IN_SORTED.java:20 <-> quixbugs/faulty_programs/FIND_IN_SORTED.java:27 | gin.edit.modifynode.BinaryOperatorReplacement  quixbugs/faulty_programs/FIND_IN_SORTED.java:48 LESS -> EQUALS | gin.edit.statement.DeleteStatement quixbugs/faulty_programs/FIND_IN_SORTED.java:90 |","true","false","1.57775","11.0","6.0"
"faulty_programs.FIND_IN_SORTED.faulty_programs.FIND_IN_SORTED.binsearch(int[],int,int,int)","| gin.edit.statement.SwapStatement quixbugs/faulty_programs/FIND_IN_SORTED.java:20 <-> quixbugs/faulty_programs/FIND_IN_SORTED.java:27 | gin.edit.statement.CopyStatement quixbugs/faulty_programs/FIND_IN_SORTED.java:89 -> quixbugs/faulty_programs/FIND_IN_SORTED.java:56:57 | gin.edit.modifynode.BinaryOperatorReplacement  quixbugs/faulty_programs/FIND_IN_SORTED.java:48 LESS -> EQUALS | gin.edit.modifynode.SwapExpression quixbugs/faulty_programs/FIND_IN_SORTED.java:22 <-> quixbugs/faulty_programs/FIND_IN_SORTED.java:25 | gin.edit.statement.SwapStatement quixbugs/faulty_programs/FIND_IN_SORTED.java:89 <-> quixbugs/faulty_programs/FIND_IN_SORTED.java:78 | gin.edit.modifynode.ReplaceExpression quixbugs/faulty_programs/FIND_IN_SORTED.java:75 -> quixbugs/faulty_programs/FIND_IN_SORTED.java:58 | gin.edit.modifynode.SwapExpression quixbugs/faulty_programs/FIND_IN_SORTED.java:51 <-> quixbugs/faulty_programs/FIND_IN_SORTED.java:60 | gin.edit.statement.ReplaceStatement quixbugs/faulty_programs/FIND_IN_SORTED.java:68 -> quixbugs/faulty_programs/FIND_IN_SORTED.java:47 |","true","false","1.576885","11.0","6.0"
"faulty_programs.FIND_IN_SORTED.faulty_programs.FIND_IN_SORTED.binsearch(int[],int,int,int)","| gin.edit.modifynode.BinaryOperatorReplacement  quixbugs/faulty_programs/FIND_IN_SORTED.java:48 LESS -> GREATER | gin.edit.modifynode.BinaryOperatorReplacement  quixbugs/faulty_programs/FIND_IN_SORTED.java:41 MINUS -> SIGNED_RIGHT_SHIFT | gin.edit.modifynode.BinaryOperatorReplacement  quixbugs/faulty_programs/FIND_IN_SORTED.java:48 LESS -> LESS_EQUALS | gin.edit.modifynode.BinaryOperatorReplacement  quixbugs/faulty_programs/FIND_IN_SORTED.java:22 EQUALS -> OR |","false","false","0.0","0.0","-5.0"
"faulty_programs.FIND_IN_SORTED.faulty_programs.FIND_IN_SORTED.binsearch(int[],int,int,int)","| gin.edit.statement.SwapStatement quixbugs/faulty_programs/FIND_IN_SORTED.java:57 <-> quixbugs/faulty_programs/FIND_IN_SORTED.java:47 | gin.edit.modifynode.ReplaceExpression quixbugs/faulty_programs/FIND_IN_SORTED.java:75 -> quixbugs/faulty_programs/FIND_IN_SORTED.java:58 | gin.edit.statement.SwapStatement quixbugs/faulty_programs/FIND_IN_SORTED.java:57 <-> quixbugs/faulty_programs/FIND_IN_SORTED.java:47 | gin.edit.statement.SwapStatement quixbugs/faulty_programs/FIND_IN_SORTED.java:68 <-> quixbugs/faulty_programs/FIND_IN_SORTED.java:27 | gin.edit.statement.SwapStatement quixbugs/faulty_programs/FIND_IN_SORTED.java:20 <-> quixbugs/faulty_programs/FIND_IN_SORTED.java:27 | gin.edit.statement.SwapStatement quixbugs/faulty_programs/FIND_IN_SORTED.java:89 <-> quixbugs/faulty_programs/FIND_IN_SORTED.java:78 | gin.edit.modifynode.SwapExpression quixbugs/faulty_programs/FIND_IN_SORTED.java:51 <-> quixbugs/faulty_programs/FIND_IN_SORTED.java:60 | gin.edit.statement.DeleteStatement quixbugs/faulty_programs/FIND_IN_SORTED.java:27 | gin.edit.statement.DeleteStatement quixbugs/faulty_programs/FIND_IN_SORTED.java:68 |","true","false","13.007757","11.0","6.0"
"faulty_programs.FIND_IN_SORTED.faulty_programs.FIND_IN_SORTED.binsearch(int[],int,int,int)","| gin.edit.modifynode.BinaryOperatorReplacement  quixbugs/faulty_programs/FIND_IN_SORTED.java:48 LESS -> LESS_EQUALS | gin.edit.statement.SwapStatement quixbugs/faulty_programs/FIND_IN_SORTED.java:57 <-> quixbugs/faulty_programs/FIND_IN_SORTED.java:47 | gin.edit.modifynode.ReplaceExpression quixbugs/faulty_programs/FIND_IN_SORTED.java:75 -> quixbugs/faulty_programs/FIND_IN_SORTED.java:58 | gin.edit.statement.SwapStatement quixbugs/faulty_programs/FIND_IN_SORTED.java:68 <-> quixbugs/faulty_programs/FIND_IN_SORTED.java:27 | gin.edit.statement.SwapStatement quixbugs/faulty_programs/FIND_IN_SORTED.java:20 <-> quixbugs/faulty_programs/FIND_IN_SORTED.java:27 | gin.edit.statement.SwapStatement quixbugs/faulty_programs/FIND_IN_SORTED.java:89 <-> quixbugs/faulty_programs/FIND_IN_SORTED.java:78 | gin.edit.modifynode.SwapExpression quixbugs/faulty_programs/FIND_IN_SORTED.java:51 <-> quixbugs/faulty_programs/FIND_IN_SORTED.java:60 | gin.edit.statement.DeleteStatement quixbugs/faulty_programs/FIND_IN_SORTED.java:27 | gin.edit.modifynode.SwapExpression quixbugs/faulty_programs/FIND_IN_SORTED.java:52 <-> quixbugs/faulty_programs/FIND_IN_SORTED.java:66 |","true","false","1.714558","11.0","6.0"
"faulty_programs.FIND_IN_SORTED.faulty_programs.FIND_IN_SORTED.binsearch(int[],int,int,int)","| gin.edit.statement.SwapStatement quixbugs/faulty_programs/FIND_IN_SORTED.java:57 <-> quixbugs/faulty_programs/FIND_IN_SORTED.java:47 | gin.edit.statement.SwapStatement quixbugs/faulty_programs/FIND_IN_SORTED.java:68 <-> quixbugs/faulty_programs/FIND_IN_SORTED.java:27 | gin.edit.statement.SwapStatement quixbugs/faulty_programs/FIND_IN_SORTED.java:20 <-> quixbugs/faulty_programs/FIND_IN_SORTED.java:27 | gin.edit.statement.SwapStatement quixbugs/faulty_programs/FIND_IN_SORTED.java:89 <-> quixbugs/faulty_programs/FIND_IN_SORTED.java:78 | gin.edit.modifynode.SwapExpression quixbugs/faulty_programs/FIND_IN_SORTED.java:51 <-> quixbugs/faulty_programs/FIND_IN_SORTED.java:60 | gin.edit.modifynode.BinaryOperatorReplacement  quixbugs/faulty_programs/FIND_IN_SORTED.java:48 LESS -> GREATER | gin.edit.modifynode.BinaryOperatorReplacement  quixbugs/faulty_programs/FIND_IN_SORTED.java:41 MINUS -> SIGNED_RIGHT_SHIFT | gin.edit.modifynode.BinaryOperatorReplacement  quixbugs/faulty_programs/FIND_IN_SORTED.java:39 DIVIDE -> MINUS |","true","false","1.459024","11.0","6.0"
"faulty_programs.FIND_IN_SORTED.faulty_programs.FIND_IN_SORTED.binsearch(int[],int,int,int)","| gin.edit.modifynode.BinaryOperatorReplacement  quixbugs/faulty_programs/FIND_IN_SORTED.java:48 LESS -> GREATER | gin.edit.modifynode.BinaryOperatorReplacement  quixbugs/faulty_programs/FIND_IN_SORTED.java:41 MINUS -> SIGNED_RIGHT_SHIFT | gin.edit.modifynode.BinaryOperatorReplacement  quixbugs/faulty_programs/FIND_IN_SORTED.java:48 LESS -> LESS_EQUALS | gin.edit.modifynode.ReplaceExpression quixbugs/faulty_programs/FIND_IN_SORTED.java:29 -> quixbugs/faulty_programs/FIND_IN_SORTED.java:46 |","true","false","2.673694","0.0","-5.0"
"faulty_programs.FIND_IN_SORTED.faulty_programs.FIND_IN_SORTED.binsearch(int[],int,int,int)","| gin.edit.statement.SwapStatement quixbugs/faulty_programs/FIND_IN_SORTED.java:20 <-> quixbugs/faulty_programs/FIND_IN_SORTED.java:27 | gin.edit.statement.SwapStatement quixbugs/faulty_programs/FIND_IN_SORTED.java:20 <-> quixbugs/faulty_programs/FIND_IN_SORTED.java:27 | gin.edit.modifynode.BinaryOperatorReplacement  quixbugs/faulty_programs/FIND_IN_SORTED.java:36 PLUS -> LEFT_SHIFT | gin.edit.modifynode.SwapExpression quixbugs/faulty_programs/FIND_IN_SORTED.java:52 <-> quixbugs/faulty_programs/FIND_IN_SORTED.java:62 | gin.edit.modifynode.SwapExpression quixbugs/faulty_programs/FIND_IN_SORTED.java:29 <-> quixbugs/faulty_programs/FIND_IN_SORTED.java:75 | gin.edit.statement.CopyStatement quixbugs/faulty_programs/FIND_IN_SORTED.java:103 -> quixbugs/faulty_programs/FIND_IN_SORTED.java:27:28 | gin.edit.modifynode.BinaryOperatorReplacement  quixbugs/faulty_programs/FIND_IN_SORTED.java:69 GREATER -> EQUALS |","true","false","1.968629","11.0","6.0"
"faulty_programs.FIND_IN_SORTED.faulty_programs.FIND_IN_SORTED.binsearch(int[],int,int,int)","| gin.edit.modifynode.BinaryOperatorReplacement  quixbugs/faulty_programs/FIND_IN_SORTED.java:48 LESS -> GREATER | gin.edit.modifynode.BinaryOperatorReplacement  quixbugs/faulty_programs/FIND_IN_SORTED.java:41 MINUS -> SIGNED_RIGHT_SHIFT | gin.edit.modifynode.BinaryOperatorReplacement  quixbugs/faulty_programs/FIND_IN_SORTED.java:48 LESS -> LESS_EQUALS | gin.edit.statement.SwapStatement quixbugs/faulty_programs/FIND_IN_SORTED.java:20 <-> quixbugs/faulty_programs/FIND_IN_SORTED.java:27 | gin.edit.statement.SwapStatement quixbugs/faulty_programs/FIND_IN_SORTED.java:20 <-> quixbugs/faulty_programs/FIND_IN_SORTED.java:27 | gin.edit.modifynode.BinaryOperatorReplacement  quixbugs/faulty_programs/FIND_IN_SORTED.java:36 PLUS -> LEFT_SHIFT | gin.edit.statement.CopyStatement quixbugs/faulty_programs/FIND_IN_SORTED.java:103 -> quixbugs/faulty_programs/FIND_IN_SORTED.java:27:28 | gin.edit.modifynode.SwapExpression quixbugs/faulty_programs/FIND_IN_SORTED.java:87 <-> quixbugs/faulty_programs/FIND_IN_SORTED.java:51 |","true","false","1.887308","11.0","6.0"
"faulty_programs.FIND_IN_SORTED.faulty_programs.FIND_IN_SORTED.binsearch(int[],int,int,int)","| gin.edit.statement.SwapStatement quixbugs/faulty_programs/FIND_IN_SORTED.java:20 <-> quixbugs/faulty_programs/FIND_IN_SORTED.java:27 | gin.edit.statement.SwapStatement quixbugs/faulty_programs/FIND_IN_SORTED.java:20 <-> quixbugs/faulty_programs/FIND_IN_SORTED.java:27 | gin.edit.modifynode.SwapExpression quixbugs/faulty_programs/FIND_IN_SORTED.java:52 <-> quixbugs/faulty_programs/FIND_IN_SORTED.java:62 | gin.edit.modifynode.BinaryOperatorReplacement  quixbugs/faulty_programs/FIND_IN_SORTED.java:48 LESS -> GREATER | gin.edit.statement.SwapStatement quixbugs/faulty_programs/FIND_IN_SORTED.java:77 <-> quixbugs/faulty_programs/FIND_IN_SORTED.java:21 |","true","false","1.877345","11.0","6.0"
"faulty_programs.FIND_IN_SORTED.faulty_programs.FIND_IN_SORTED.binsearch(int[],int,int,int)","| gin.edit.statement.SwapStatement quixbugs/faulty_programs/FIND_IN_SORTED.java:57 <-> quixbugs/faulty_programs/FIND_IN_SORTED.java:47 | gin.edit.modifynode.SwapExpression quixbugs/faulty_programs/FIND_IN_SORTED.java:54 <-> quixbugs/faulty_programs/FIND_IN_SORTED.java:81 | gin.edit.modifynode.ReplaceExpression quixbugs/faulty_programs/FIND_IN_SORTED.java:73 -> quixbugs/faulty_programs/FIND_IN_SORTED.java:51 | gin.edit.statement.SwapStatement quixbugs/faulty_programs/FIND_IN_SORTED.java:77 <-> quixbugs/faulty_programs/FIND_IN_SORTED.java:20 | gin.edit.statement.ReplaceStatement quixbugs/faulty_programs/FIND_IN_SORTED.java:103 -> quixbugs/faulty_programs/FIND_IN_SORTED.java:57 | gin.edit.modifynode.BinaryOperatorReplacement  quixbugs/faulty_programs/FIND_IN_SORTED.java:41 MINUS -> SIGNED_RIGHT_SHIFT | gin.edit.statement.CopyStatement quixbugs/faulty_programs/FIND_IN_SORTED.java:20 -> quixbugs/faulty_programs/FIND_IN_SORTED.java:77:77 |","true","false","1.764666","11.0","6.0"
"faulty_programs.FIND_IN_SORTED.faulty_programs.FIND_IN_SORTED.binsearch(int[],int,int,int)","| gin.edit.modifynode.BinaryOperatorReplacement  quixbugs/faulty_programs/FIND_IN_SORTED.java:48 LESS -> GREATER | gin.edit.modifynode.BinaryOperatorReplacement  quixbugs/faulty_programs/FIND_IN_SORTED.java:41 MINUS -> SIGNED_RIGHT_SHIFT | gin.edit.modifynode.BinaryOperatorReplacement  quixbugs/faulty_programs/FIND_IN_SORTED.java:48 LESS -> LESS_EQUALS | gin.edit.modifynode.BinaryOperatorReplacement  quixbugs/faulty_programs/FIND_IN_SORTED.java:22 EQUALS -> NOT_EQUALS |","true","false","1.642909","11.0","6.0"
"faulty_programs.FIND_IN_SORTED.faulty_programs.FIND_IN_SORTED.binsearch(int[],int,int,int)","| gin.edit.modifynode.ReplaceExpression quixbugs/faulty_programs/FIND_IN_SORTED.java:73 -> quixbugs/faulty_programs/FIND_IN_SORTED.java:51 | gin.edit.statement.ReplaceStatement quixbugs/faulty_programs/FIND_IN_SORTED.java:103 -> quixbugs/faulty_programs/FIND_IN_SORTED.java:57 | gin.edit.modifynode.BinaryOperatorReplacement  quixbugs/faulty_programs/FIND_IN_SORTED.java:48 LESS -> LESS_EQUALS | gin.edit.statement.SwapStatement quixbugs/faulty_programs/FIND_IN_SORTED.java:21 <-> quixbugs/faulty_programs/FIND_IN_SORTED.java:56 |","false","false","0.0","0.0","-5.0"
"faulty_programs.FIND_IN_SORTED.faulty_programs.FIND_IN_SORTED.binsearch(int[],int,int,int)","| gin.edit.statement.SwapStatement quixbugs/faulty_programs/FIND_IN_SORTED.java:77 <-> quixbugs/faulty_programs/FIND_IN_SORTED.java:20 | gin.edit.statement.SwapStatement quixbugs/faulty_programs/FIND_IN_SORTED.java:28 <-> quixbugs/faulty_programs/FIND_IN_SORTED.java:20 |","false","false","0.0","0.0","-5.0"
"faulty_programs.FIND_IN_SORTED.faulty_programs.FIND_IN_SORTED.binsearch(int[],int,int,int)","| gin.edit.modifynode.BinaryOperatorReplacement  quixbugs/faulty_programs/FIND_IN_SORTED.java:48 LESS -> GREATER | gin.edit.modifynode.BinaryOperatorReplacement  quixbugs/faulty_programs/FIND_IN_SORTED.java:41 MINUS -> SIGNED_RIGHT_SHIFT | gin.edit.modifynode.BinaryOperatorReplacement  quixbugs/faulty_programs/FIND_IN_SORTED.java:48 LESS -> LESS_EQUALS | gin.edit.modifynode.SwapExpression quixbugs/faulty_programs/FIND_IN_SORTED.java:42 <-> quixbugs/faulty_programs/FIND_IN_SORTED.java:87 | gin.edit.modifynode.BinaryOperatorReplacement  quixbugs/faulty_programs/FIND_IN_SORTED.java:36 PLUS -> LEFT_SHIFT |","true","false","1.817054","10.0","5.0"
"faulty_programs.FIND_IN_SORTED.faulty_programs.FIND_IN_SORTED.binsearch(int[],int,int,int)","| gin.edit.statement.SwapStatement quixbugs/faulty_programs/FIND_IN_SORTED.java:20 <-> quixbugs/faulty_programs/FIND_IN_SORTED.java:27 | gin.edit.modifynode.UnaryOperatorReplacement  quixbugs/faulty_programs/FIND_IN_SORTED.java:29 MINUS -> PLUS | gin.edit.statement.CopyStatement quixbugs/faulty_programs/FIND_IN_SORTED.java:104 -> quixbugs/faulty_programs/FIND_IN_SORTED.java:27:27 | gin.edit.statement.ReplaceStatement quixbugs/faulty_programs/FIND_IN_SORTED.java:31 -> quixbugs/faulty_programs/FIND_IN_SORTED.java:89 |","true","false","1.727686","11.0","6.0"
"faulty_programs.FIND_IN_SORTED.faulty_programs.FIND_IN_SORTED.binsearch(int[],int,int,int)","| gin.edit.modifynode.BinaryOperatorReplacement  quixbugs/faulty_programs/FIND_IN_SORTED.java:48 LESS -> GREATER | gin.edit.modifynode.UnaryOperatorReplacement  quixbugs/faulty_programs/FIND_IN_SORTED.java:29 MINUS -> PLUS | gin.edit.statement.CopyStatement quixbugs/faulty_programs/FIND_IN_SORTED.java:104 -> quixbugs/faulty_programs/FIND_IN_SORTED.java:27:27 | gin.edit.modifynode.UnaryOperatorReplacement  quixbugs/faulty_programs/FIND_IN_SORTED.java:29 MINUS -> PLUS |","false","false","0.0","0.0","-5.0"
"faulty_programs.FIND_IN_SORTED.faulty_programs.FIND_IN_SORTED.binsearch(int[],int,int,int)","| gin.edit.modifynode.BinaryOperatorReplacement  quixbugs/faulty_programs/FIND_IN_SORTED.java:48 LESS -> GREATER | gin.edit.statement.CopyStatement quixbugs/faulty_programs/FIND_IN_SORTED.java:21 -> quixbugs/faulty_programs/FIND_IN_SORTED.java:56:57 |","false","false","0.0","0.0","-5.0"
"faulty_programs.FIND_IN_SORTED.faulty_programs.FIND_IN_SORTED.binsearch(int[],int,int,int)","| gin.edit.modifynode.BinaryOperatorReplacement  quixbugs/faulty_programs/FIND_IN_SORTED.java:48 LESS -> GREATER | gin.edit.modifynode.BinaryOperatorReplacement  quixbugs/faulty_programs/FIND_IN_SORTED.java:41 MINUS -> SIGNED_RIGHT_SHIFT | gin.edit.modifynode.BinaryOperatorReplacement  quixbugs/faulty_programs/FIND_IN_SORTED.java:48 LESS -> LESS_EQUALS | gin.edit.modifynode.SwapExpression quixbugs/faulty_programs/FIND_IN_SORTED.java:42 <-> quixbugs/faulty_programs/FIND_IN_SORTED.java:87 | gin.edit.modifynode.SwapExpression quixbugs/faulty_programs/FIND_IN_SORTED.java:30 <-> quixbugs/faulty_programs/FIND_IN_SORTED.java:23 |","true","false","1.66818","3.0","-2.0"
"faulty_programs.FIND_IN_SORTED.faulty_programs.FIND_IN_SORTED.binsearch(int[],int,int,int)","| gin.edit.modifynode.BinaryOperatorReplacement  quixbugs/faulty_programs/FIND_IN_SORTED.java:48 LESS -> GREATER | gin.edit.modifynode.BinaryOperatorReplacement  quixbugs/faulty_programs/FIND_IN_SORTED.java:41 MINUS -> SIGNED_RIGHT_SHIFT | gin.edit.modifynode.BinaryOperatorReplacement  quixbugs/faulty_programs/FIND_IN_SORTED.java:48 LESS -> LESS_EQUALS | gin.edit.modifynode.SwapExpression quixbugs/faulty_programs/FIND_IN_SORTED.java:42 <-> quixbugs/faulty_programs/FIND_IN_SORTED.java:87 | gin.edit.modifynode.ReplaceExpression quixbugs/faulty_programs/FIND_IN_SORTED.java:91 -> quixbugs/faulty_programs/FIND_IN_SORTED.java:37 |","false","false","0.0","0.0","-5.0"
"faulty_programs.FIND_IN_SORTED.faulty_programs.FIND_IN_SORTED.binsearch(int[],int,int,int)","| gin.edit.modifynode.BinaryOperatorReplacement  quixbugs/faulty_programs/FIND_IN_SORTED.java:48 LESS -> GREATER | gin.edit.modifynode.SwapExpression quixbugs/faulty_programs/FIND_IN_SORTED.java:42 <-> quixbugs/faulty_programs/FIND_IN_SORTED.java:87 | gin.edit.modifynode.SwapExpression quixbugs/faulty_programs/FIND_IN_SORTED.java:42 <-> quixbugs/faulty_programs/FIND_IN_SORTED.java:87 | gin.edit.statement.SwapStatement quixbugs/faulty_programs/FIND_IN_SORTED.java:90 <-> quixbugs/faulty_programs/FIND_IN_SORTED.java:56 |","true","false","13.174035","1.0","-4.0"
"faulty_programs.FIND_IN_SORTED.faulty_programs.FIND_IN_SORTED.binsearch(int[],int,int,int)","| gin.edit.modifynode.BinaryOperatorReplacement  quixbugs/faulty_programs/FIND_IN_SORTED.java:48 LESS -> GREATER | gin.edit.modifynode.BinaryOperatorReplacement  quixbugs/faulty_programs/FIND_IN_SORTED.java:41 MINUS -> SIGNED_RIGHT_SHIFT | gin.edit.modifynode.BinaryOperatorReplacement  quixbugs/faulty_programs/FIND_IN_SORTED.java:48 LESS -> LESS_EQUALS | gin.edit.modifynode.SwapExpression quixbugs/faulty_programs/FIND_IN_SORTED.java:42 <-> quixbugs/faulty_programs/FIND_IN_SORTED.java:87 | gin.edit.modifynode.BinaryOperatorReplacement  quixbugs/faulty_programs/FIND_IN_SORTED.java:48 LESS -> GREATER | gin.edit.modifynode.BinaryOperatorReplacement  quixbugs/faulty_programs/FIND_IN_SORTED.java:48 LESS -> LESS_EQUALS | gin.edit.modifynode.SwapExpression quixbugs/faulty_programs/FIND_IN_SORTED.java:42 <-> quixbugs/faulty_programs/FIND_IN_SORTED.java:87 | gin.edit.statement.ReplaceStatement quixbugs/faulty_programs/FIND_IN_SORTED.java:28 -> quixbugs/faulty_programs/FIND_IN_SORTED.java:47 |","true","false","1.662637","11.0","6.0"
"faulty_programs.FIND_IN_SORTED.faulty_programs.FIND_IN_SORTED.binsearch(int[],int,int,int)","| gin.edit.modifynode.BinaryOperatorReplacement  quixbugs/faulty_programs/FIND_IN_SORTED.java:48 LESS -> GREATER | gin.edit.modifynode.BinaryOperatorReplacement  quixbugs/faulty_programs/FIND_IN_SORTED.java:41 MINUS -> SIGNED_RIGHT_SHIFT | gin.edit.modifynode.BinaryOperatorReplacement  quixbugs/faulty_programs/FIND_IN_SORTED.java:48 LESS -> LESS_EQUALS | gin.edit.statement.CopyStatement quixbugs/faulty_programs/FIND_IN_SORTED.java:21 -> quixbugs/faulty_programs/FIND_IN_SORTED.java:89:89 | gin.edit.modifynode.UnaryOperatorReplacement  quixbugs/faulty_programs/FIND_IN_SORTED.java:29 MINUS -> PLUS |","true","false","1.732178","3.0","-2.0"
"faulty_programs.FIND_IN_SORTED.faulty_programs.FIND_IN_SORTED.binsearch(int[],int,int,int)","| gin.edit.statement.SwapStatement quixbugs/faulty_programs/FIND_IN_SORTED.java:57 <-> quixbugs/faulty_programs/FIND_IN_SORTED.java:47 | gin.edit.modifynode.ReplaceExpression quixbugs/faulty_programs/FIND_IN_SORTED.java:64 -> quixbugs/faulty_programs/FIND_IN_SORTED.java:60 | gin.edit.modifynode.ReplaceExpression quixbugs/faulty_programs/FIND_IN_SORTED.java:58 -> quixbugs/faulty_programs/FIND_IN_SORTED.java:70 | gin.edit.statement.CopyStatement quixbugs/faulty_programs/FIND_IN_SORTED.java:28 -> quixbugs/faulty_programs/FIND_IN_SORTED.java:56:57 | gin.edit.statement.CopyStatement quixbugs/faulty_programs/FIND_IN_SORTED.java:56 -> quixbugs/faulty_programs/FIND_IN_SORTED.java:27:27 | gin.edit.statement.CopyStatement quixbugs/faulty_programs/FIND_IN_SORTED.java:77 -> quixbugs/faulty_programs/FIND_IN_SORTED.java:20:21 |","true","false","1.712188","11.0","6.0"
"faulty_programs.FIND_IN_SORTED.faulty_programs.FIND_IN_SORTED.binsearch(int[],int,int,int)","| gin.edit.modifynode.BinaryOperatorReplacement  quixbugs/faulty_programs/FIND_IN_SORTED.java:41 MINUS -> SIGNED_RIGHT_SHIFT | gin.edit.statement.SwapStatement quixbugs/faulty_programs/FIND_IN_SORTED.java:57 <-> quixbugs/faulty_programs/FIND_IN_SORTED.java:47 | gin.edit.modifynode.ReplaceExpression quixbugs/faulty_programs/FIND_IN_SORTED.java:64 -> quixbugs/faulty_programs/FIND_IN_SORTED.java:60 | gin.edit.modifynode.ReplaceExpression quixbugs/faulty_programs/FIND_IN_SORTED.java:58 -> quixbugs/faulty_programs/FIND_IN_SORTED.java:70 | gin.edit.statement.CopyStatement quixbugs/faulty_programs/FIND_IN_SORTED.java:28 -> quixbugs/faulty_programs/FIND_IN_SORTED.java:56:57 | gin.edit.statement.SwapStatement quixbugs/faulty_programs/FIND_IN_SORTED.java:77 <-> quixbugs/faulty_programs/FIND_IN_SORTED.java:31 |","true","false","1.56583","11.0","6.0"
"faulty_programs.FIND_IN_SORTED.faulty_programs.FIND_IN_SORTED.binsearch(int[],int,int,int)","| gin.edit.statement.CopyStatement quixbugs/faulty_programs/FIND_IN_SORTED.java:28 -> quixbugs/faulty_programs/FIND_IN_SORTED.java:56:57 | gin.edit.modifynode.BinaryOperatorReplacement  quixbugs/faulty_programs/FIND_IN_SORTED.java:48 LESS -> GREATER | gin.edit.modifynode.BinaryOperatorReplacement  quixbugs/faulty_programs/FIND_IN_SORTED.java:48 LESS -> LESS_EQUALS | gin.edit.modifynode.ReplaceExpression quixbugs/faulty_programs/FIND_IN_SORTED.java:79 -> quixbugs/faulty_programs/FIND_IN_SORTED.java:72 |","false","false","0.0","0.0","-5.0"
"faulty_programs.FIND_IN_SORTED.faulty_programs.FIND_IN_SORTED.binsearch(int[],int,int,int)","| gin.edit.statement.SwapStatement quixbugs/faulty_programs/FIND_IN_SORTED.java:57 <-> quixbugs/faulty_programs/FIND_IN_SORTED.java:47 | gin.edit.modifynode.SwapExpression quixbugs/faulty_programs/FIND_IN_SORTED.java:54 <-> quixbugs/faulty_programs/FIND_IN_SORTED.java:81 | gin.edit.modifynode.SwapExpression quixbugs/faulty_programs/FIND_IN_SORTED.java:40 <-> quixbugs/faulty_programs/FIND_IN_SORTED.java:54 | gin.edit.statement.SwapStatement quixbugs/faulty_programs/FIND_IN_SORTED.java:27 <-> quixbugs/faulty_programs/FIND_IN_SORTED.java:56 | gin.edit.statement.CopyStatement quixbugs/faulty_programs/FIND_IN_SORTED.java:20 -> quixbugs/faulty_programs/FIND_IN_SORTED.java:77:78 | gin.edit.statement.CopyStatement quixbugs/faulty_programs/FIND_IN_SORTED.java:89 -> quixbugs/faulty_programs/FIND_IN_SORTED.java:56:57 | gin.edit.modifynode.BinaryOperatorReplacement  quixbugs/faulty_programs/FIND_IN_SORTED.java:48 LESS -> EQUALS | gin.edit.modifynode.SwapExpression quixbugs/faulty_programs/FIND_IN_SORTED.java:41 <-> quixbugs/faulty_programs/FIND_IN_SORTED.java:66 | gin.edit.statement.DeleteStatement quixbugs/faulty_programs/FIND_IN_SORTED.java:56 |","true","false","1.447385","11.0","6.0"
"faulty_programs.FIND_IN_SORTED.faulty_programs.FIND_IN_SORTED.binsearch(int[],int,int,int)","| gin.edit.modifynode.BinaryOperatorReplacement  quixbugs/faulty_programs/FIND_IN_SORTED.java:48 LESS -> GREATER | gin.edit.modifynode.BinaryOperatorReplacement  quixbugs/faulty_programs/FIND_IN_SORTED.java:41 MINUS -> SIGNED_RIGHT_SHIFT | gin.edit.modifynode.BinaryOperatorReplacement  quixbugs/faulty_programs/FIND_IN_SORTED.java:48 LESS -> LESS_EQUALS | gin.edit.modifynode.SwapExpression quixbugs/faulty_programs/FIND_IN_SORTED.java:42 <-> quixbugs/faulty_programs/FIND_IN_SORTED.java:87 | gin.edit.statement.CopyStatement quixbugs/faulty_programs/FIND_IN_SORTED.java:28 -> quixbugs/faulty_programs/FIND_IN_SORTED.java:27:28 |","false","false","0.0","0.0","-5.0"
"faulty_programs.FIND_IN_SORTED.faulty_programs.FIND_IN_SORTED.binsearch(int[],int,int,int)","| gin.edit.statement.SwapStatement quixbugs/faulty_programs/FIND_IN_SORTED.java:27 <-> quixbugs/faulty_programs/FIND_IN_SORTED.java:56 | gin.edit.statement.CopyStatement quixbugs/faulty_programs/FIND_IN_SORTED.java:20 -> quixbugs/faulty_programs/FIND_IN_SORTED.java:77:78 | gin.edit.statement.CopyStatement quixbugs/faulty_programs/FIND_IN_SORTED.java:89 -> quixbugs/faulty_programs/FIND_IN_SORTED.java:56:57 | gin.edit.modifynode.BinaryOperatorReplacement  quixbugs/faulty_programs/FIND_IN_SORTED.java:48 LESS -> GREATER | gin.edit.modifynode.BinaryOperatorReplacement  quixbugs/faulty_programs/FIND_IN_SORTED.java:48 LESS -> LESS_EQUALS | gin.edit.statement.DeleteStatement quixbugs/faulty_programs/FIND_IN_SORTED.java:57 |","false","false","0.0","0.0","-5.0"
"faulty_programs.FIND_IN_SORTED.faulty_programs.FIND_IN_SORTED.binsearch(int[],int,int,int)","| gin.edit.modifynode.BinaryOperatorReplacement  quixbugs/faulty_programs/FIND_IN_SORTED.java:41 MINUS -> SIGNED_RIGHT_SHIFT | gin.edit.modifynode.SwapExpression quixbugs/faulty_programs/FIND_IN_SORTED.java:42 <-> quixbugs/faulty_programs/FIND_IN_SORTED.java:87 | gin.edit.modifynode.SwapExpression quixbugs/faulty_programs/FIND_IN_SORTED.java:54 <-> quixbugs/faulty_programs/FIND_IN_SORTED.java:81 | gin.edit.modifynode.SwapExpression quixbugs/faulty_programs/FIND_IN_SORTED.java:40 <-> quixbugs/faulty_programs/FIND_IN_SORTED.java:54 | gin.edit.statement.SwapStatement quixbugs/faulty_programs/FIND_IN_SORTED.java:27 <-> quixbugs/faulty_programs/FIND_IN_SORTED.java:56 | gin.edit.statement.ReplaceStatement quixbugs/faulty_programs/FIND_IN_SORTED.java:104 -> quixbugs/faulty_programs/FIND_IN_SORTED.java:78 |","false","false","0.0","0.0","-5.0"
"faulty_programs.FIND_IN_SORTED.faulty_programs.FIND_IN_SORTED.binsearch(int[],int,int,int)","| gin.edit.statement.SwapStatement quixbugs/faulty_programs/FIND_IN_SORTED.java:57 <-> quixbugs/faulty_programs/FIND_IN_SORTED.java:47 | gin.edit.modifynode.ReplaceExpression quixbugs/faulty_programs/FIND_IN_SORTED.java:64 -> quixbugs/faulty_programs/FIND_IN_SORTED.java:60 | gin.edit.modifynode.ReplaceExpression quixbugs/faulty_programs/FIND_IN_SORTED.java:58 -> quixbugs/faulty_programs/FIND_IN_SORTED.java:70 | gin.edit.statement.SwapStatement quixbugs/faulty_programs/FIND_IN_SORTED.java:68 <-> quixbugs/faulty_programs/FIND_IN_SORTED.java:89 | gin.edit.statement.CopyStatement quixbugs/faulty_programs/FIND_IN_SORTED.java:28 -> quixbugs/faulty_programs/FIND_IN_SORTED.java:56:57 | gin.edit.modifynode.SwapExpression quixbugs/faulty_programs/FIND_IN_SORTED.java:42 <-> quixbugs/faulty_programs/FIND_IN_SORTED.java:40 | gin.edit.statement.DeleteStatement quixbugs/faulty_programs/FIND_IN_SORTED.java:78 |","true","false","1.92176","11.0","6.0"
"faulty_programs.FIND_IN_SORTED.faulty_programs.FIND_IN_SORTED.binsearch(int[],int,int,int)","| gin.edit.modifynode.BinaryOperatorReplacement  quixbugs/faulty_programs/FIND_IN_SORTED.java:48 LESS -> LESS_EQUALS | gin.edit.statement.SwapStatement quixbugs/faulty_programs/FIND_IN_SORTED.java:57 <-> quixbugs/faulty_programs/FIND_IN_SORTED.java:47 | gin.edit.modifynode.ReplaceExpression quixbugs/faulty_programs/FIND_IN_SORTED.java:75 -> quixbugs/faulty_programs/FIND_IN_SORTED.java:58 | gin.edit.statement.SwapStatement quixbugs/faulty_programs/FIND_IN_SORTED.java:68 <-> quixbugs/faulty_programs/FIND_IN_SORTED.java:27 | gin.edit.statement.SwapStatement quixbugs/faulty_programs/FIND_IN_SORTED.java:20 <-> quixbugs/faulty_programs/FIND_IN_SORTED.java:27 | gin.edit.statement.SwapStatement quixbugs/faulty_programs/FIND_IN_SORTED.java:89 <-> quixbugs/faulty_programs/FIND_IN_SORTED.java:78 | gin.edit.modifynode.SwapExpression quixbugs/faulty_programs/FIND_IN_SORTED.java:51 <-> quixbugs/faulty_programs/FIND_IN_SORTED.java:60 | gin.edit.statement.DeleteStatement quixbugs/faulty_programs/FIND_IN_SORTED.java:27 | gin.edit.modifynode.SwapExpression quixbugs/faulty_programs/FIND_IN_SORTED.java:52 <-> quixbugs/faulty_programs/FIND_IN_SORTED.java:66 | gin.edit.statement.CopyStatement quixbugs/faulty_programs/FIND_IN_SORTED.java:28 -> quixbugs/faulty_programs/FIND_IN_SORTED.java:77:77 |","true","false","1.538397","11.0","6.0"
"faulty_programs.FIND_IN_SORTED.faulty_programs.FIND_IN_SORTED.binsearch(int[],int,int,int)","| gin.edit.modifynode.ReplaceExpression quixbugs/faulty_programs/FIND_IN_SORTED.java:64 -> quixbugs/faulty_programs/FIND_IN_SORTED.java:60 | gin.edit.statement.SwapStatement quixbugs/faulty_programs/FIND_IN_SORTED.java:68 <-> quixbugs/faulty_programs/FIND_IN_SORTED.java:27 | gin.edit.modifynode.SwapExpression quixbugs/faulty_programs/FIND_IN_SORTED.java:52 <-> quixbugs/faulty_programs/FIND_IN_SORTED.java:66 | gin.edit.modifynode.UnaryOperatorReplacement  quixbugs/faulty_programs/FIND_IN_SORTED.java:29 MINUS -> BITWISE_COMPLEMENT |","false","false","0.0","0.0","-5.0"
"faulty_programs.FIND_IN_SORTED.faulty_programs.FIND_IN_SORTED.binsearch(int[],int,int,int)","| gin.edit.statement.SwapStatement quixbugs/faulty_programs/FIND_IN_SORTED.java:57 <-> quixbugs/faulty_programs/FIND_IN_SORTED.java:47 | gin.edit.statement.SwapStatement quixbugs/faulty_programs/FIND_IN_SORTED.java:20 <-> quixbugs/faulty_programs/FIND_IN_SORTED.java:27 | gin.edit.statement.DeleteStatement quixbugs/faulty_programs/FIND_IN_SORTED.java:27 | gin.edit.modifynode.ReplaceExpression quixbugs/faulty_programs/FIND_IN_SORTED.java:64 -> quixbugs/faulty_programs/FIND_IN_SORTED.java:60 | gin.edit.statement.CopyStatement quixbugs/faulty_programs/FIND_IN_SORTED.java:28 -> quixbugs/faulty_programs/FIND_IN_SORTED.java:56:57 | gin.edit.statement.CopyStatement quixbugs/faulty_programs/FIND_IN_SORTED.java:90 -> quixbugs/faulty_programs/FIND_IN_SORTED.java:77:77 |","true","false","1.786176","11.0","6.0"
"faulty_programs.FIND_IN_SORTED.faulty_programs.FIND_IN_SORTED.binsearch(int[],int,int,int)","| gin.edit.statement.SwapStatement quixbugs/faulty_programs/FIND_IN_SORTED.java:57 <-> quixbugs/faulty_programs/FIND_IN_SORTED.java:47 | gin.edit.statement.SwapStatement quixbugs/faulty_programs/FIND_IN_SORTED.java:68 <-> quixbugs/faulty_programs/FIND_IN_SORTED.java:27 | gin.edit.statement.SwapStatement quixbugs/faulty_programs/FIND_IN_SORTED.java:20 <-> quixbugs/faulty_programs/FIND_IN_SORTED.java:27 | gin.edit.statement.SwapStatement quixbugs/faulty_programs/FIND_IN_SORTED.java:89 <-> quixbugs/faulty_programs/FIND_IN_SORTED.java:78 | gin.edit.modifynode.SwapExpression quixbugs/faulty_programs/FIND_IN_SORTED.java:51 <-> quixbugs/faulty_programs/FIND_IN_SORTED.java:60 | gin.edit.modifynode.BinaryOperatorReplacement  quixbugs/faulty_programs/FIND_IN_SORTED.java:48 LESS -> GREATER | gin.edit.modifynode.BinaryOperatorReplacement  quixbugs/faulty_programs/FIND_IN_SORTED.java:41 MINUS -> SIGNED_RIGHT_SHIFT | gin.edit.modifynode.BinaryOperatorReplacement  quixbugs/faulty_programs/FIND_IN_SORTED.java:39 DIVIDE -> MINUS | gin.edit.statement.SwapStatement quixbugs/faulty_programs/FIND_IN_SORTED.java:68 <-> quixbugs/faulty_programs/FIND_IN_SORTED.java:20 |","true","false","1.540546","11.0","6.0"
"faulty_programs.FIND_IN_SORTED.faulty_programs.FIND_IN_SORTED.binsearch(int[],int,int,int)","| gin.edit.modifynode.BinaryOperatorReplacement  quixbugs/faulty_programs/FIND_IN_SORTED.java:48 LESS -> GREATER | gin.edit.modifynode.BinaryOperatorReplacement  quixbugs/faulty_programs/FIND_IN_SORTED.java:41 MINUS -> SIGNED_RIGHT_SHIFT | gin.edit.modifynode.BinaryOperatorReplacement  quixbugs/faulty_programs/FIND_IN_SORTED.java:48 LESS -> LESS_EQUALS | gin.edit.modifynode.SwapExpression quixbugs/faulty_programs/FIND_IN_SORTED.java:42 <-> quixbugs/faulty_programs/FIND_IN_SORTED.java:87 | gin.edit.modifynode.UnaryOperatorReplacement  quixbugs/faulty_programs/FIND_IN_SORTED.java:29 MINUS -> PLUS |","true","false","1.762604","3.0","-2.0"
"faulty_programs.FIND_IN_SORTED.faulty_programs.FIND_IN_SORTED.binsearch(int[],int,int,int)","| gin.edit.statement.SwapStatement quixbugs/faulty_programs/FIND_IN_SORTED.java:20 <-> quixbugs/faulty_programs/FIND_IN_SORTED.java:27 | gin.edit.statement.SwapStatement quixbugs/faulty_programs/FIND_IN_SORTED.java:89 <-> quixbugs/faulty_programs/FIND_IN_SORTED.java:78 | gin.edit.modifynode.SwapExpression quixbugs/faulty_programs/FIND_IN_SORTED.java:51 <-> quixbugs/faulty_programs/FIND_IN_SORTED.java:60 | gin.edit.modifynode.BinaryOperatorReplacement  quixbugs/faulty_programs/FIND_IN_SORTED.java:48 LESS -> GREATER | gin.edit.modifynode.BinaryOperatorReplacement  quixbugs/faulty_programs/FIND_IN_SORTED.java:39 DIVIDE -> MINUS | gin.edit.modifynode.BinaryOperatorReplacement  quixbugs/faulty_programs/FIND_IN_SORTED.java:41 MINUS -> SIGNED_RIGHT_SHIFT | gin.edit.modifynode.SwapExpression quixbugs/faulty_programs/FIND_IN_SORTED.java:42 <-> quixbugs/faulty_programs/FIND_IN_SORTED.java:87 | gin.edit.modifynode.SwapExpression quixbugs/faulty_programs/FIND_IN_SORTED.java:32 <-> quixbugs/faulty_programs/FIND_IN_SORTED.java:37 |","true","false","1.584725","11.0","6.0"
"faulty_programs.FIND_IN_SORTED.faulty_programs.FIND_IN_SORTED.binsearch(int[],int,int,int)","| gin.edit.modifynode.BinaryOperatorReplacement  quixbugs/faulty_programs/FIND_IN_SORTED.java:48 LESS -> GREATER | gin.edit.modifynode.BinaryOperatorReplacement  quixbugs/faulty_programs/FIND_IN_SORTED.java:41 MINUS -> SIGNED_RIGHT_SHIFT | gin.edit.modifynode.SwapExpression quixbugs/faulty_programs/FIND_IN_SORTED.java:42 <-> quixbugs/faulty_programs/FIND_IN_SORTED.java:87 | gin.edit.statement.SwapStatement quixbugs/faulty_programs/FIND_IN_SORTED.java:20 <-> quixbugs/faulty_programs/FIND_IN_SORTED.java:27 | gin.edit.statement.DeleteStatement quixbugs/faulty_programs/FIND_IN_SORTED.java:68 |","true","false","150.27878","11.0","6.0"
"faulty_programs.FIND_IN_SORTED.faulty_programs.FIND_IN_SORTED.binsearch(int[],int,int,int)","| gin.edit.modifynode.BinaryOperatorReplacement  quixbugs/faulty_programs/FIND_IN_SORTED.java:48 LESS -> GREATER | gin.edit.modifynode.BinaryOperatorReplacement  quixbugs/faulty_programs/FIND_IN_SORTED.java:41 MINUS -> SIGNED_RIGHT_SHIFT | gin.edit.modifynode.BinaryOperatorReplacement  quixbugs/faulty_programs/FIND_IN_SORTED.java:48 LESS -> LESS_EQUALS | gin.edit.modifynode.SwapExpression quixbugs/faulty_programs/FIND_IN_SORTED.java:42 <-> quixbugs/faulty_programs/FIND_IN_SORTED.java:87 | gin.edit.modifynode.ReplaceExpression quixbugs/faulty_programs/FIND_IN_SORTED.java:40 -> quixbugs/faulty_programs/FIND_IN_SORTED.java:87 |","true","false","1.222859","13.0","8.0"
"faulty_programs.FIND_IN_SORTED.faulty_programs.FIND_IN_SORTED.binsearch(int[],int,int,int)","| gin.edit.modifynode.BinaryOperatorReplacement  quixbugs/faulty_programs/FIND_IN_SORTED.java:48 LESS -> GREATER | gin.edit.modifynode.BinaryOperatorReplacement  quixbugs/faulty_programs/FIND_IN_SORTED.java:41 MINUS -> SIGNED_RIGHT_SHIFT | gin.edit.modifynode.BinaryOperatorReplacement  quixbugs/faulty_programs/FIND_IN_SORTED.java:48 LESS -> LESS_EQUALS | gin.edit.statement.CopyStatement quixbugs/faulty_programs/FIND_IN_SORTED.java:21 -> quixbugs/faulty_programs/FIND_IN_SORTED.java:89:89 | gin.edit.modifynode.BinaryOperatorReplacement  quixbugs/faulty_programs/FIND_IN_SORTED.java:69 GREATER -> GREATER_EQUALS |","true","false","12.846162","10.0","5.0"
"faulty_programs.FIND_IN_SORTED.faulty_programs.FIND_IN_SORTED.binsearch(int[],int,int,int)","| gin.edit.modifynode.BinaryOperatorReplacement  quixbugs/faulty_programs/FIND_IN_SORTED.java:48 LESS -> GREATER | gin.edit.modifynode.BinaryOperatorReplacement  quixbugs/faulty_programs/FIND_IN_SORTED.java:48 LESS -> LESS_EQUALS | gin.edit.modifynode.BinaryOperatorReplacement  quixbugs/faulty_programs/FIND_IN_SORTED.java:48 LESS -> LESS_EQUALS | gin.edit.statement.CopyStatement quixbugs/faulty_programs/FIND_IN_SORTED.java:21 -> quixbugs/faulty_programs/FIND_IN_SORTED.java:89:89 | gin.edit.statement.DeleteStatement quixbugs/faulty_programs/FIND_IN_SORTED.java:90 |","false","false","0.0","0.0","-5.0"
"faulty_programs.FIND_IN_SORTED.faulty_programs.FIND_IN_SORTED.binsearch(int[],int,int,int)","| gin.edit.modifynode.BinaryOperatorReplacement  quixbugs/faulty_programs/FIND_IN_SORTED.java:48 LESS -> GREATER | gin.edit.modifynode.SwapExpression quixbugs/faulty_programs/FIND_IN_SORTED.java:42 <-> quixbugs/faulty_programs/FIND_IN_SORTED.java:87 | gin.edit.modifynode.BinaryOperatorReplacement  quixbugs/faulty_programs/FIND_IN_SORTED.java:69 GREATER -> GREATER_EQUALS |","true","false","1.709731","10.0","5.0"
"faulty_programs.FIND_IN_SORTED.faulty_programs.FIND_IN_SORTED.binsearch(int[],int,int,int)","| gin.edit.modifynode.BinaryOperatorReplacement  quixbugs/faulty_programs/FIND_IN_SORTED.java:48 LESS -> EQUALS | gin.edit.statement.SwapStatement quixbugs/faulty_programs/FIND_IN_SORTED.java:57 <-> quixbugs/faulty_programs/FIND_IN_SORTED.java:47 | gin.edit.statement.ReplaceStatement quixbugs/faulty_programs/FIND_IN_SORTED.java:90 -> quixbugs/faulty_programs/FIND_IN_SORTED.java:89 | gin.edit.statement.CopyStatement quixbugs/faulty_programs/FIND_IN_SORTED.java:68 -> quixbugs/faulty_programs/FIND_IN_SORTED.java:89:89 |","true","false","1.365239","11.0","6.0"
"faulty_programs.FIND_IN_SORTED.faulty_programs.FIND_IN_SORTED.binsearch(int[],int,int,int)","| gin.edit.statement.SwapStatement quixbugs/faulty_programs/FIND_IN_SORTED.java:20 <-> quixbugs/faulty_programs/FIND_IN_SORTED.java:27 | gin.edit.statement.SwapStatement quixbugs/faulty_programs/FIND_IN_SORTED.java:20 <-> quixbugs/faulty_programs/FIND_IN_SORTED.java:27 | gin.edit.modifynode.SwapExpression quixbugs/faulty_programs/FIND_IN_SORTED.java:52 <-> quixbugs/faulty_programs/FIND_IN_SORTED.java:62 | gin.edit.modifynode.BinaryOperatorReplacement  quixbugs/faulty_programs/FIND_IN_SORTED.java:48 LESS -> GREATER | gin.edit.statement.SwapStatement quixbugs/faulty_programs/FIND_IN_SORTED.java:77 <-> quixbugs/faulty_programs/FIND_IN_SORTED.java:21 | gin.edit.modifynode.BinaryOperatorReplacement  quixbugs/faulty_programs/FIND_IN_SORTED.java:39 DIVIDE -> PLUS |","true","false","1.51568","11.0","6.0"
"faulty_programs.FIND_IN_SORTED.faulty_programs.FIND_IN_SORTED.binsearch(int[],int,int,int)","| gin.edit.statement.SwapStatement quixbugs/faulty_programs/FIND_IN_SORTED.java:20 <-> quixbugs/faulty_programs/FIND_IN_SORTED.java:27 | gin.edit.modifynode.SwapExpression quixbugs/faulty_programs/FIND_IN_SORTED.java:52 <-> quixbugs/faulty_programs/FIND_IN_SORTED.java:62 | gin.edit.modifynode.BinaryOperatorReplacement  quixbugs/faulty_programs/FIND_IN_SORTED.java:48 LESS -> GREATER | gin.edit.statement.SwapStatement quixbugs/faulty_programs/FIND_IN_SORTED.java:77 <-> quixbugs/faulty_programs/FIND_IN_SORTED.java:21 | gin.edit.modifynode.UnaryOperatorReplacement  quixbugs/faulty_programs/FIND_IN_SORTED.java:29 MINUS -> BITWISE_COMPLEMENT |","true","false","1.326348","11.0","6.0"
"faulty_programs.FIND_IN_SORTED.faulty_programs.FIND_IN_SORTED.binsearch(int[],int,int,int)","| gin.edit.statement.SwapStatement quixbugs/faulty_programs/FIND_IN_SORTED.java:20 <-> quixbugs/faulty_programs/FIND_IN_SORTED.java:27 | gin.edit.statement.ReplaceStatement quixbugs/faulty_programs/FIND_IN_SORTED.java:90 -> quixbugs/faulty_programs/FIND_IN_SORTED.java:89 | gin.edit.statement.DeleteStatement quixbugs/faulty_programs/FIND_IN_SORTED.java:31 |","true","false","1.612287","11.0","6.0"
"faulty_programs.FIND_IN_SORTED.faulty_programs.FIND_IN_SORTED.binsearch(int[],int,int,int)","| gin.edit.modifynode.BinaryOperatorReplacement  quixbugs/faulty_programs/FIND_IN_SORTED.java:48 LESS -> GREATER | gin.edit.modifynode.BinaryOperatorReplacement  quixbugs/faulty_programs/FIND_IN_SORTED.java:41 MINUS -> SIGNED_RIGHT_SHIFT | gin.edit.modifynode.BinaryOperatorReplacement  quixbugs/faulty_programs/FIND_IN_SORTED.java:48 LESS -> LESS_EQUALS | gin.edit.statement.CopyStatement quixbugs/faulty_programs/FIND_IN_SORTED.java:21 -> quixbugs/faulty_programs/FIND_IN_SORTED.java:89:89 | gin.edit.modifynode.ReplaceExpression quixbugs/faulty_programs/FIND_IN_SORTED.java:79 -> quixbugs/faulty_programs/FIND_IN_SORTED.java:49 |","true","false","1.691332","13.0","8.0"
"faulty_programs.FIND_IN_SORTED.faulty_programs.FIND_IN_SORTED.binsearch(int[],int,int,int)","| gin.edit.modifynode.BinaryOperatorReplacement  quixbugs/faulty_programs/FIND_IN_SORTED.java:48 LESS -> EQUALS | gin.edit.statement.SwapStatement quixbugs/faulty_programs/FIND_IN_SORTED.java:57 <-> quixbugs/faulty_programs/FIND_IN_SORTED.java:47 | gin.edit.statement.ReplaceStatement quixbugs/faulty_programs/FIND_IN_SORTED.java:90 -> quixbugs/faulty_programs/FIND_IN_SORTED.java:89 | gin.edit.statement.ReplaceStatement quixbugs/faulty_programs/FIND_IN_SORTED.java:47 -> quixbugs/faulty_programs/FIND_IN_SORTED.java:57 |","true","false","1.431521","11.0","6.0"
"faulty_programs.FIND_IN_SORTED.faulty_programs.FIND_IN_SORTED.binsearch(int[],int,int,int)","| gin.edit.modifynode.BinaryOperatorReplacement  quixbugs/faulty_programs/FIND_IN_SORTED.java:48 LESS -> GREATER | gin.edit.modifynode.BinaryOperatorReplacement  quixbugs/faulty_programs/FIND_IN_SORTED.java:41 MINUS -> SIGNED_RIGHT_SHIFT | gin.edit.statement.CopyStatement quixbugs/faulty_programs/FIND_IN_SORTED.java:21 -> quixbugs/faulty_programs/FIND_IN_SORTED.java:89:89 | gin.edit.modifynode.BinaryOperatorReplacement  quixbugs/faulty_programs/FIND_IN_SORTED.java:48 LESS -> EQUALS | gin.edit.statement.SwapStatement quixbugs/faulty_programs/FIND_IN_SORTED.java:57 <-> quixbugs/faulty_programs/FIND_IN_SORTED.java:47 | gin.edit.statement.ReplaceStatement quixbugs/faulty_programs/FIND_IN_SORTED.java:90 -> quixbugs/faulty_programs/FIND_IN_SORTED.java:89 | gin.edit.statement.ReplaceStatement quixbugs/faulty_programs/FIND_IN_SORTED.java:31 -> quixbugs/faulty_programs/FIND_IN_SORTED.java:89 |","true","false","2.071421","11.0","6.0"
"faulty_programs.FIND_IN_SORTED.faulty_programs.FIND_IN_SORTED.binsearch(int[],int,int,int)","| gin.edit.modifynode.BinaryOperatorReplacement  quixbugs/faulty_programs/FIND_IN_SORTED.java:48 LESS -> EQUALS | gin.edit.statement.SwapStatement quixbugs/faulty_programs/FIND_IN_SORTED.java:57 <-> quixbugs/faulty_programs/FIND_IN_SORTED.java:47 | gin.edit.statement.ReplaceStatement quixbugs/faulty_programs/FIND_IN_SORTED.java:90 -> quixbugs/faulty_programs/FIND_IN_SORTED.java:89 | gin.edit.modifynode.BinaryOperatorReplacement  quixbugs/faulty_programs/FIND_IN_SORTED.java:48 LESS -> GREATER | gin.edit.modifynode.BinaryOperatorReplacement  quixbugs/faulty_programs/FIND_IN_SORTED.java:48 LESS -> LESS_EQUALS | gin.edit.statement.CopyStatement quixbugs/faulty_programs/FIND_IN_SORTED.java:21 -> quixbugs/faulty_programs/FIND_IN_SORTED.java:89:89 | gin.edit.modifynode.BinaryOperatorReplacement  quixbugs/faulty_programs/FIND_IN_SORTED.java:69 GREATER -> EQUALS |","true","false","1.304438","11.0","6.0"
"faulty_programs.FIND_IN_SORTED.faulty_programs.FIND_IN_SORTED.binsearch(int[],int,int,int)","| gin.edit.modifynode.BinaryOperatorReplacement  quixbugs/faulty_programs/FIND_IN_SORTED.java:48 LESS -> GREATER | gin.edit.modifynode.BinaryOperatorReplacement  quixbugs/faulty_programs/FIND_IN_SORTED.java:41 MINUS -> SIGNED_RIGHT_SHIFT | gin.edit.modifynode.BinaryOperatorReplacement  quixbugs/faulty_programs/FIND_IN_SORTED.java:48 LESS -> LESS_EQUALS | gin.edit.modifynode.SwapExpression quixbugs/faulty_programs/FIND_IN_SORTED.java:42 <-> quixbugs/faulty_programs/FIND_IN_SORTED.java:87 | gin.edit.statement.SwapStatement quixbugs/faulty_programs/FIND_IN_SORTED.java:57 <-> quixbugs/faulty_programs/FIND_IN_SORTED.java:78 |","true","false","17.467169","3.0","-2.0"
"faulty_programs.FIND_IN_SORTED.faulty_programs.FIND_IN_SORTED.binsearch(int[],int,int,int)","| gin.edit.statement.SwapStatement quixbugs/faulty_programs/FIND_IN_SORTED.java:20 <-> quixbugs/faulty_programs/FIND_IN_SORTED.java:27 | gin.edit.modifynode.BinaryOperatorReplacement  quixbugs/faulty_programs/FIND_IN_SORTED.java:36 PLUS -> LEFT_SHIFT | gin.edit.modifynode.SwapExpression quixbugs/faulty_programs/FIND_IN_SORTED.java:52 <-> quixbugs/faulty_programs/FIND_IN_SORTED.java:62 | gin.edit.modifynode.SwapExpression quixbugs/faulty_programs/FIND_IN_SORTED.java:29 <-> quixbugs/faulty_programs/FIND_IN_SORTED.java:75 | gin.edit.modifynode.ReplaceExpression quixbugs/faulty_programs/FIND_IN_SORTED.java:60 -> quixbugs/faulty_programs/FIND_IN_SORTED.java:72 | gin.edit.statement.SwapStatement quixbugs/faulty_programs/FIND_IN_SORTED.java:20 <-> quixbugs/faulty_programs/FIND_IN_SORTED.java:27 | gin.edit.modifynode.UnaryOperatorReplacement  quixbugs/faulty_programs/FIND_IN_SORTED.java:29 MINUS -> PLUS | gin.edit.modifynode.UnaryOperatorReplacement  quixbugs/faulty_programs/FIND_IN_SORTED.java:29 MINUS -> PLUS | gin.edit.modifynode.BinaryOperatorReplacement  quixbugs/faulty_programs/FIND_IN_SORTED.java:41 MINUS -> REMAINDER |","true","false","1.353789","11.0","6.0"
"faulty_programs.FIND_IN_SORTED.faulty_programs.FIND_IN_SORTED.binsearch(int[],int,int,int)","| gin.edit.modifynode.BinaryOperatorReplacement  quixbugs/faulty_programs/FIND_IN_SORTED.java:41 MINUS -> SIGNED_RIGHT_SHIFT | gin.edit.modifynode.BinaryOperatorReplacement  quixbugs/faulty_programs/FIND_IN_SORTED.java:48 LESS -> LESS_EQUALS | gin.edit.modifynode.SwapExpression quixbugs/faulty_programs/FIND_IN_SORTED.java:42 <-> quixbugs/faulty_programs/FIND_IN_SORTED.java:87 | gin.edit.statement.SwapStatement quixbugs/faulty_programs/FIND_IN_SORTED.java:20 <-> quixbugs/faulty_programs/FIND_IN_SORTED.java:27 | gin.edit.modifynode.SwapExpression quixbugs/faulty_programs/FIND_IN_SORTED.java:52 <-> quixbugs/faulty_programs/FIND_IN_SORTED.java:62 | gin.edit.modifynode.SwapExpression quixbugs/faulty_programs/FIND_IN_SORTED.java:29 <-> quixbugs/faulty_programs/FIND_IN_SORTED.java:75 | gin.edit.statement.SwapStatement quixbugs/faulty_programs/FIND_IN_SORTED.java:20 <-> quixbugs/faulty_programs/FIND_IN_SORTED.java:27 | gin.edit.statement.CopyStatement quixbugs/faulty_programs/FIND_IN_SORTED.java:27 -> quixbugs/faulty_programs/FIND_IN_SORTED.java:20:21 |","true","false","1.370237","11.0","6.0"
"faulty_programs.FIND_IN_SORTED.faulty_programs.FIND_IN_SORTED.binsearch(int[],int,int,int)","| gin.edit.statement.SwapStatement quixbugs/faulty_programs/FIND_IN_SORTED.java:20 <-> quixbugs/faulty_programs/FIND_IN_SORTED.java:27 | gin.edit.modifynode.UnaryOperatorReplacement  quixbugs/faulty_programs/FIND_IN_SORTED.java:29 MINUS -> PLUS | gin.edit.modifynode.BinaryOperatorReplacement  quixbugs/faulty_programs/FIND_IN_SORTED.java:48 LESS -> GREATER | gin.edit.modifynode.BinaryOperatorReplacement  quixbugs/faulty_programs/FIND_IN_SORTED.java:41 MINUS -> SIGNED_RIGHT_SHIFT | gin.edit.modifynode.ReplaceExpression quixbugs/faulty_programs/FIND_IN_SORTED.java:32 -> quixbugs/faulty_programs/FIND_IN_SORTED.java:70 |","true","false","1.440328","11.0","6.0"
"faulty_programs.FIND_IN_SORTED.faulty_programs.FIND_IN_SORTED.binsearch(int[],int,int,int)","| gin.edit.statement.SwapStatement quixbugs/faulty_programs/FIND_IN_SORTED.java:20 <-> quixbugs/faulty_programs/FIND_IN_SORTED.java:27 | gin.edit.modifynode.UnaryOperatorReplacement  quixbugs/faulty_programs/FIND_IN_SORTED.java:29 MINUS -> PLUS | gin.edit.modifynode.BinaryOperatorReplacement  quixbugs/faulty_programs/FIND_IN_SORTED.java:48 LESS -> GREATER | gin.edit.modifynode.BinaryOperatorReplacement  quixbugs/faulty_programs/FIND_IN_SORTED.java:41 MINUS -> SIGNED_RIGHT_SHIFT | gin.edit.modifynode.ReplaceExpression quixbugs/faulty_programs/FIND_IN_SORTED.java:32 -> quixbugs/faulty_programs/FIND_IN_SORTED.java:70 | gin.edit.modifynode.UnaryOperatorReplacement  quixbugs/faulty_programs/FIND_IN_SORTED.java:29 MINUS -> PLUS |","true","false","1.520811","11.0","6.0"
"faulty_programs.FIND_IN_SORTED.faulty_programs.FIND_IN_SORTED.binsearch(int[],int,int,int)","| gin.edit.modifynode.BinaryOperatorReplacement  quixbugs/faulty_programs/FIND_IN_SORTED.java:48 LESS -> GREATER | gin.edit.modifynode.BinaryOperatorReplacement  quixbugs/faulty_programs/FIND_IN_SORTED.java:41 MINUS -> SIGNED_RIGHT_SHIFT | gin.edit.modifynode.BinaryOperatorReplacement  quixbugs/faulty_programs/FIND_IN_SORTED.java:48 LESS -> LESS_EQUALS | gin.edit.modifynode.SwapExpression quixbugs/faulty_programs/FIND_IN_SORTED.java:42 <-> quixbugs/faulty_programs/FIND_IN_SORTED.java:87 | gin.edit.modifynode.ReplaceExpression quixbugs/faulty_programs/FIND_IN_SORTED.java:40 -> quixbugs/faulty_programs/FIND_IN_SORTED.java:87 | gin.edit.modifynode.SwapExpression quixbugs/faulty_programs/FIND_IN_SORTED.java:54 <-> quixbugs/faulty_programs/FIND_IN_SORTED.java:39 |","true","false","1.512269","13.0","8.0"
"faulty_programs.FIND_IN_SORTED.faulty_programs.FIND_IN_SORTED.binsearch(int[],int,int,int)","| gin.edit.modifynode.UnaryOperatorReplacement  quixbugs/faulty_programs/FIND_IN_SORTED.java:29 MINUS -> PLUS | gin.edit.modifynode.ReplaceExpression quixbugs/faulty_programs/FIND_IN_SORTED.java:32 -> quixbugs/faulty_programs/FIND_IN_SORTED.java:70 | gin.edit.modifynode.BinaryOperatorReplacement  quixbugs/faulty_programs/FIND_IN_SORTED.java:41 MINUS -> SIGNED_RIGHT_SHIFT | gin.edit.modifynode.BinaryOperatorReplacement  quixbugs/faulty_programs/FIND_IN_SORTED.java:48 LESS -> LESS_EQUALS | gin.edit.modifynode.SwapExpression quixbugs/faulty_programs/FIND_IN_SORTED.java:42 <-> quixbugs/faulty_programs/FIND_IN_SORTED.java:87 | gin.edit.statement.ReplaceStatement quixbugs/faulty_programs/FIND_IN_SORTED.java:90 -> quixbugs/faulty_programs/FIND_IN_SORTED.java:68 |","true","false","1.439267","0.0","-5.0"
"faulty_programs.FIND_IN_SORTED.faulty_programs.FIND_IN_SORTED.binsearch(int[],int,int,int)","| gin.edit.modifynode.BinaryOperatorReplacement  quixbugs/faulty_programs/FIND_IN_SORTED.java:48 LESS -> LESS_EQUALS | gin.edit.modifynode.SwapExpression quixbugs/faulty_programs/FIND_IN_SORTED.java:42 <-> quixbugs/faulty_programs/FIND_IN_SORTED.java:87 | gin.edit.modifynode.ReplaceExpression quixbugs/faulty_programs/FIND_IN_SORTED.java:40 -> quixbugs/faulty_programs/FIND_IN_SORTED.java:87 | gin.edit.modifynode.BinaryOperatorReplacement  quixbugs/faulty_programs/FIND_IN_SORTED.java:48 LESS -> GREATER | gin.edit.modifynode.ReplaceExpression quixbugs/faulty_programs/FIND_IN_SORTED.java:32 -> quixbugs/faulty_programs/FIND_IN_SORTED.java:70 | gin.edit.modifynode.BinaryOperatorReplacement  quixbugs/faulty_programs/FIND_IN_SORTED.java:69 GREATER -> LESS_EQUALS |","false","false","0.0","0.0","-5.0"
"faulty_programs.FIND_IN_SORTED.faulty_programs.FIND_IN_SORTED.binsearch(int[],int,int,int)","| gin.edit.statement.SwapStatement quixbugs/faulty_programs/FIND_IN_SORTED.java:20 <-> quixbugs/faulty_programs/FIND_IN_SORTED.java:27 | gin.edit.modifynode.UnaryOperatorReplacement  quixbugs/faulty_programs/FIND_IN_SORTED.java:29 MINUS -> PLUS | gin.edit.statement.CopyStatement quixbugs/faulty_programs/FIND_IN_SORTED.java:104 -> quixbugs/faulty_programs/FIND_IN_SORTED.java:27:27 | gin.edit.statement.ReplaceStatement quixbugs/faulty_programs/FIND_IN_SORTED.java:31 -> quixbugs/faulty_programs/FIND_IN_SORTED.java:89 | gin.edit.modifynode.BinaryOperatorReplacement  quixbugs/faulty_programs/FIND_IN_SORTED.java:39 DIVIDE -> SIGNED_RIGHT_SHIFT |","true","false","1.60764","11.0","6.0"
"faulty_programs.FIND_IN_SORTED.faulty_programs.FIND_IN_SORTED.binsearch(int[],int,int,int)","| gin.edit.modifynode.BinaryOperatorReplacement  quixbugs/faulty_programs/FIND_IN_SORTED.java:41 MINUS -> SIGNED_RIGHT_SHIFT | gin.edit.modifynode.BinaryOperatorReplacement  quixbugs/faulty_programs/FIND_IN_SORTED.java:48 LESS -> LESS_EQUALS | gin.edit.modifynode.SwapExpression quixbugs/faulty_programs/FIND_IN_SORTED.java:42 <-> quixbugs/faulty_programs/FIND_IN_SORTED.java:87 | gin.edit.statement.SwapStatement quixbugs/faulty_programs/FIND_IN_SORTED.java:20 <-> quixbugs/faulty_programs/FIND_IN_SORTED.java:27 | gin.edit.modifynode.SwapExpression quixbugs/faulty_programs/FIND_IN_SORTED.java:52 <-> quixbugs/faulty_programs/FIND_IN_SORTED.java:62 | gin.edit.modifynode.SwapExpression quixbugs/faulty_programs/FIND_IN_SORTED.java:29 <-> quixbugs/faulty_programs/FIND_IN_SORTED.java:75 | gin.edit.statement.SwapStatement quixbugs/faulty_programs/FIND_IN_SORTED.java:20 <-> quixbugs/faulty_programs/FIND_IN_SORTED.java:27 | gin.edit.statement.CopyStatement quixbugs/faulty_programs/FIND_IN_SORTED.java:27 -> quixbugs/faulty_programs/FIND_IN_SORTED.java:20:21 | gin.edit.statement.DeleteStatement quixbugs/faulty_programs/FIND_IN_SORTED.java:47 |","true","false","1.518398","11.0","6.0"
"faulty_programs.FIND_IN_SORTED.faulty_programs.FIND_IN_SORTED.binsearch(int[],int,int,int)","| gin.edit.modifynode.UnaryOperatorReplacement  quixbugs/faulty_programs/FIND_IN_SORTED.java:29 MINUS -> PLUS | gin.edit.statement.CopyStatement quixbugs/faulty_programs/FIND_IN_SORTED.java:104 -> quixbugs/faulty_programs/FIND_IN_SORTED.java:27:27 | gin.edit.statement.ReplaceStatement quixbugs/faulty_programs/FIND_IN_SORTED.java:31 -> quixbugs/faulty_programs/FIND_IN_SORTED.java:89 | gin.edit.modifynode.BinaryOperatorReplacement  quixbugs/faulty_programs/FIND_IN_SORTED.java:41 MINUS -> SIGNED_RIGHT_SHIFT | gin.edit.modifynode.SwapExpression quixbugs/faulty_programs/FIND_IN_SORTED.java:42 <-> quixbugs/faulty_programs/FIND_IN_SORTED.java:87 | gin.edit.modifynode.ReplaceExpression quixbugs/faulty_programs/FIND_IN_SORTED.java:66 -> quixbugs/faulty_programs/FIND_IN_SORTED.java:54 |","false","false","0.0","0.0","-5.0"
"faulty_programs.FIND_IN_SORTED.faulty_programs.FIND_IN_SORTED.binsearch(int[],int,int,int)","| gin.edit.modifynode.BinaryOperatorReplacement  quixbugs/faulty_programs/FIND_IN_SORTED.java:41 MINUS -> SIGNED_RIGHT_SHIFT | gin.edit.statement.SwapStatement quixbugs/faulty_programs/FIND_IN_SORTED.java:20 <-> quixbugs/faulty_programs/FIND_IN_SORTED.java:27 | gin.edit.modifynode.SwapExpression quixbugs/faulty_programs/FIND_IN_SORTED.java:29 <-> quixbugs/faulty_programs/FIND_IN_SORTED.java:75 | gin.edit.statement.SwapStatement quixbugs/faulty_programs/FIND_IN_SORTED.java:20 <-> quixbugs/faulty_programs/FIND_IN_SORTED.java:27 | gin.edit.statement.CopyStatement quixbugs/faulty_programs/FIND_IN_SORTED.java:27 -> quixbugs/faulty_programs/FIND_IN_SORTED.java:20:21 | gin.edit.statement.ReplaceStatement quixbugs/faulty_programs/FIND_IN_SORTED.java:31 -> quixbugs/faulty_programs/FIND_IN_SORTED.java:89 | gin.edit.statement.DeleteStatement quixbugs/faulty_programs/FIND_IN_SORTED.java:90 |","true","false","1.456557","11.0","6.0"
"faulty_programs.FIND_IN_SORTED.faulty_programs.FIND_IN_SORTED.binsearch(int[],int,int,int)","| gin.edit.modifynode.BinaryOperatorReplacement  quixbugs/faulty_programs/FIND_IN_SORTED.java:48 LESS -> GREATER | gin.edit.modifynode.BinaryOperatorReplacement  quixbugs/faulty_programs/FIND_IN_SORTED.java:41 MINUS -> SIGNED_RIGHT_SHIFT | gin.edit.modifynode.BinaryOperatorReplacement  quixbugs/faulty_programs/FIND_IN_SORTED.java:48 LESS -> LESS_EQUALS | gin.edit.statement.CopyStatement quixbugs/faulty_programs/FIND_IN_SORTED.java:21 -> quixbugs/faulty_programs/FIND_IN_SORTED.java:89:89 | gin.edit.modifynode.ReplaceExpression quixbugs/faulty_programs/FIND_IN_SORTED.java:79 -> quixbugs/faulty_programs/FIND_IN_SORTED.java:49 | gin.edit.statement.ReplaceStatement quixbugs/faulty_programs/FIND_IN_SORTED.java:103 -> quixbugs/faulty_programs/FIND_IN_SORTED.java:21 |","false","false","0.0","0.0","-5.0"
"faulty_programs.FIND_IN_SORTED.faulty_programs.FIND_IN_SORTED.binsearch(int[],int,int,int)","| gin.edit.modifynode.BinaryOperatorReplacement  quixbugs/faulty_programs/FIND_IN_SORTED.java:48 LESS -> GREATER | gin.edit.modifynode.BinaryOperatorReplacement  quixbugs/faulty_programs/FIND_IN_SORTED.java:41 MINUS -> SIGNED_RIGHT_SHIFT | gin.edit.modifynode.SwapExpression quixbugs/faulty_programs/FIND_IN_SORTED.java:42 <-> quixbugs/faulty_programs/FIND_IN_SORTED.java:87 | gin.edit.statement.SwapStatement quixbugs/faulty_programs/FIND_IN_SORTED.java:20 <-> quixbugs/faulty_programs/FIND_IN_SORTED.java:27 | gin.edit.statement.DeleteStatement quixbugs/faulty_programs/FIND_IN_SORTED.java:68 | gin.edit.modifynode.BinaryOperatorReplacement  quixbugs/faulty_programs/FIND_IN_SORTED.java:48 LESS -> LESS_EQUALS |","true","false","1.598098","11.0","6.0"
"faulty_programs.FIND_IN_SORTED.faulty_programs.FIND_IN_SORTED.binsearch(int[],int,int,int)","| gin.edit.modifynode.BinaryOperatorReplacement  quixbugs/faulty_programs/FIND_IN_SORTED.java:48 LESS -> GREATER | gin.edit.modifynode.BinaryOperatorReplacement  quixbugs/faulty_programs/FIND_IN_SORTED.java:41 MINUS -> SIGNED_RIGHT_SHIFT | gin.edit.modifynode.BinaryOperatorReplacement  quixbugs/faulty_programs/FIND_IN_SORTED.java:48 LESS -> LESS_EQUALS | gin.edit.modifynode.ReplaceExpression quixbugs/faulty_programs/FIND_IN_SORTED.java:79 -> quixbugs/faulty_programs/FIND_IN_SORTED.java:49 | gin.edit.modifynode.BinaryOperatorReplacement  quixbugs/faulty_programs/FIND_IN_SORTED.java:48 LESS -> GREATER | gin.edit.statement.SwapStatement quixbugs/faulty_programs/FIND_IN_SORTED.java:20 <-> quixbugs/faulty_programs/FIND_IN_SORTED.java:27 | gin.edit.statement.DeleteStatement quixbugs/faulty_programs/FIND_IN_SORTED.java:68 | gin.edit.statement.CopyStatement quixbugs/faulty_programs/FIND_IN_SORTED.java:21 -> quixbugs/faulty_programs/FIND_IN_SORTED.java:56:57 |","true","false","1.535141","11.0","6.0"
"faulty_programs.FIND_IN_SORTED.faulty_programs.FIND_IN_SORTED.binsearch(int[],int,int,int)","| gin.edit.statement.SwapStatement quixbugs/faulty_programs/FIND_IN_SORTED.java:20 <-> quixbugs/faulty_programs/FIND_IN_SORTED.java:27 | gin.edit.modifynode.ReplaceExpression quixbugs/faulty_programs/FIND_IN_SORTED.java:79 -> quixbugs/faulty_programs/FIND_IN_SORTED.java:49 | gin.edit.modifynode.UnaryOperatorReplacement  quixbugs/faulty_programs/FIND_IN_SORTED.java:29 MINUS -> LOGICAL_COMPLEMENT |","true","false","1.308826","11.0","6.0"
"faulty_programs.FIND_IN_SORTED.faulty_programs.FIND_IN_SORTED.binsearch(int[],int,int,int)","| gin.edit.modifynode.BinaryOperatorReplacement  quixbugs/faulty_programs/FIND_IN_SORTED.java:48 LESS -> GREATER | gin.edit.modifynode.BinaryOperatorReplacement  quixbugs/faulty_programs/FIND_IN_SORTED.java:41 MINUS -> SIGNED_RIGHT_SHIFT | gin.edit.modifynode.BinaryOperatorReplacement  quixbugs/faulty_programs/FIND_IN_SORTED.java:48 LESS -> LESS_EQUALS | gin.edit.statement.CopyStatement quixbugs/faulty_programs/FIND_IN_SORTED.java:21 -> quixbugs/faulty_programs/FIND_IN_SORTED.java:89:89 | gin.edit.modifynode.ReplaceExpression quixbugs/faulty_programs/FIND_IN_SORTED.java:79 -> quixbugs/faulty_programs/FIND_IN_SORTED.java:49 | gin.edit.modifynode.SwapExpression quixbugs/faulty_programs/FIND_IN_SORTED.java:39 <-> quixbugs/faulty_programs/FIND_IN_SORTED.java:58 |","false","false","0.0","0.0","-5.0"
"faulty_programs.FIND_IN_SORTED.faulty_programs.FIND_IN_SORTED.binsearch(int[],int,int,int)","| gin.edit.statement.SwapStatement quixbugs/faulty_programs/FIND_IN_SORTED.java:20 <-> quixbugs/faulty_programs/FIND_IN_SORTED.java:27 | gin.edit.modifynode.UnaryOperatorReplacement  quixbugs/faulty_programs/FIND_IN_SORTED.java:29 MINUS -> PLUS | gin.edit.modifynode.BinaryOperatorReplacement  quixbugs/faulty_programs/FIND_IN_SORTED.java:48 LESS -> GREATER | gin.edit.modifynode.BinaryOperatorReplacement  quixbugs/faulty_programs/FIND_IN_SORTED.java:41 MINUS -> SIGNED_RIGHT_SHIFT | gin.edit.modifynode.ReplaceExpression quixbugs/faulty_programs/FIND_IN_SORTED.java:32 -> quixbugs/faulty_programs/FIND_IN_SORTED.java:70 | gin.edit.statement.CopyStatement quixbugs/faulty_programs/FIND_IN_SORTED.java:31 -> quixbugs/faulty_programs/FIND_IN_SORTED.java:20:21 |","true","false","1.786362","11.0","6.0"
"faulty_programs.FIND_IN_SORTED.faulty_programs.FIND_IN_SORTED.binsearch(int[],int,int,int)","| gin.edit.modifynode.BinaryOperatorReplacement  quixbugs/faulty_programs/FIND_IN_SORTED.java:41 MINUS -> SIGNED_RIGHT_SHIFT | gin.edit.modifynode.BinaryOperatorReplacement  quixbugs/faulty_programs/FIND_IN_SORTED.java:48 LESS -> LESS_EQUALS | gin.edit.modifynode.ReplaceExpression quixbugs/faulty_programs/FIND_IN_SORTED.java:79 -> quixbugs/faulty_programs/FIND_IN_SORTED.java:49 | gin.edit.modifynode.UnaryOperatorReplacement  quixbugs/faulty_programs/FIND_IN_SORTED.java:29 MINUS -> PLUS | gin.edit.modifynode.BinaryOperatorReplacement  quixbugs/faulty_programs/FIND_IN_SORTED.java:48 LESS -> GREATER | gin.edit.modifynode.BinaryOperatorReplacement  quixbugs/faulty_programs/FIND_IN_SORTED.java:41 MINUS -> SIGNED_RIGHT_SHIFT | gin.edit.modifynode.ReplaceExpression quixbugs/faulty_programs/FIND_IN_SORTED.java:32 -> quixbugs/faulty_programs/FIND_IN_SORTED.java:70 | gin.edit.statement.SwapStatement quixbugs/faulty_programs/FIND_IN_SORTED.java:78 <-> quixbugs/faulty_programs/FIND_IN_SORTED.java:47 |","true","false","19.430817","0.0","-5.0"
"faulty_programs.FIND_IN_SORTED.faulty_programs.FIND_IN_SORTED.binsearch(int[],int,int,int)","| gin.edit.statement.SwapStatement quixbugs/faulty_programs/FIND_IN_SORTED.java:20 <-> quixbugs/faulty_programs/FIND_IN_SORTED.java:27 | gin.edit.modifynode.UnaryOperatorReplacement  quixbugs/faulty_programs/FIND_IN_SORTED.java:29 MINUS -> PLUS | gin.edit.modifynode.BinaryOperatorReplacement  quixbugs/faulty_programs/FIND_IN_SORTED.java:48 LESS -> GREATER | gin.edit.modifynode.BinaryOperatorReplacement  quixbugs/faulty_programs/FIND_IN_SORTED.java:41 MINUS -> SIGNED_RIGHT_SHIFT | gin.edit.modifynode.ReplaceExpression quixbugs/faulty_programs/FIND_IN_SORTED.java:32 -> quixbugs/faulty_programs/FIND_IN_SORTED.java:70 | gin.edit.modifynode.BinaryOperatorReplacement  quixbugs/faulty_programs/FIND_IN_SORTED.java:48 LESS -> GREATER | gin.edit.modifynode.BinaryOperatorReplacement  quixbugs/faulty_programs/FIND_IN_SORTED.java:41 MINUS -> SIGNED_RIGHT_SHIFT | gin.edit.modifynode.BinaryOperatorReplacement  quixbugs/faulty_programs/FIND_IN_SORTED.java:48 LESS -> LESS_EQUALS | gin.edit.modifynode.ReplaceExpression quixbugs/faulty_programs/FIND_IN_SORTED.java:79 -> quixbugs/faulty_programs/FIND_IN_SORTED.java:49 | gin.edit.statement.ReplaceStatement quixbugs/faulty_programs/FIND_IN_SORTED.java:47 -> quixbugs/faulty_programs/FIND_IN_SORTED.java:77 |","true","false","1.577225","11.0","6.0"
"faulty_programs.FIND_IN_SORTED.faulty_programs.FIND_IN_SORTED.binsearch(int[],int,int,int)","| gin.edit.statement.SwapStatement quixbugs/faulty_programs/FIND_IN_SORTED.java:20 <-> quixbugs/faulty_programs/FIND_IN_SORTED.java:27 | gin.edit.statement.ReplaceStatement quixbugs/faulty_programs/FIND_IN_SORTED.java:90 -> quixbugs/faulty_programs/FIND_IN_SORTED.java:89 | gin.edit.statement.DeleteStatement quixbugs/faulty_programs/FIND_IN_SORTED.java:31 | gin.edit.statement.DeleteStatement quixbugs/faulty_programs/FIND_IN_SORTED.java:31 |","true","false","1.560805","11.0","6.0"
"faulty_programs.FIND_IN_SORTED.faulty_programs.FIND_IN_SORTED.binsearch(int[],int,int,int)","| gin.edit.modifynode.BinaryOperatorReplacement  quixbugs/faulty_programs/FIND_IN_SORTED.java:48 LESS -> GREATER | gin.edit.modifynode.BinaryOperatorReplacement  quixbugs/faulty_programs/FIND_IN_SORTED.java:41 MINUS -> SIGNED_RIGHT_SHIFT | gin.edit.modifynode.BinaryOperatorReplacement  quixbugs/faulty_programs/FIND_IN_SORTED.java:48 LESS -> LESS_EQUALS | gin.edit.statement.CopyStatement quixbugs/faulty_programs/FIND_IN_SORTED.java:21 -> quixbugs/faulty_programs/FIND_IN_SORTED.java:89:89 | gin.edit.modifynode.ReplaceExpression quixbugs/faulty_programs/FIND_IN_SORTED.java:79 -> quixbugs/faulty_programs/FIND_IN_SORTED.java:49 | gin.edit.statement.DeleteStatement quixbugs/faulty_programs/FIND_IN_SORTED.java:31 |","false","false","0.0","0.0","-5.0"
"faulty_programs.FIND_IN_SORTED.faulty_programs.FIND_IN_SORTED.binsearch(int[],int,int,int)","| gin.edit.statement.DeleteStatement quixbugs/faulty_programs/FIND_IN_SORTED.java:31 | gin.edit.modifynode.BinaryOperatorReplacement  quixbugs/faulty_programs/FIND_IN_SORTED.java:48 LESS -> GREATER | gin.edit.modifynode.BinaryOperatorReplacement  quixbugs/faulty_programs/FIND_IN_SORTED.java:48 LESS -> LESS_EQUALS | gin.edit.statement.CopyStatement quixbugs/faulty_programs/FIND_IN_SORTED.java:21 -> quixbugs/faulty_programs/FIND_IN_SORTED.java:89:89 | gin.edit.modifynode.ReplaceExpression quixbugs/faulty_programs/FIND_IN_SORTED.java:79 -> quixbugs/faulty_programs/FIND_IN_SORTED.java:49 | gin.edit.statement.ReplaceStatement quixbugs/faulty_programs/FIND_IN_SORTED.java:78 -> quixbugs/faulty_programs/FIND_IN_SORTED.java:78 |","false","false","0.0","0.0","-5.0"
"faulty_programs.FIND_IN_SORTED.faulty_programs.FIND_IN_SORTED.binsearch(int[],int,int,int)","| gin.edit.modifynode.BinaryOperatorReplacement  quixbugs/faulty_programs/FIND_IN_SORTED.java:41 MINUS -> SIGNED_RIGHT_SHIFT | gin.edit.modifynode.ReplaceExpression quixbugs/faulty_programs/FIND_IN_SORTED.java:79 -> quixbugs/faulty_programs/FIND_IN_SORTED.java:49 | gin.edit.statement.SwapStatement quixbugs/faulty_programs/FIND_IN_SORTED.java:20 <-> quixbugs/faulty_programs/FIND_IN_SORTED.java:27 | gin.edit.statement.DeleteStatement quixbugs/faulty_programs/FIND_IN_SORTED.java:31 | gin.edit.modifynode.ReplaceExpression quixbugs/faulty_programs/FIND_IN_SORTED.java:46 -> quixbugs/faulty_programs/FIND_IN_SORTED.java:70 |","true","false","14.181684","11.0","6.0"
"faulty_programs.FIND_IN_SORTED.faulty_programs.FIND_IN_SORTED.binsearch(int[],int,int,int)","| gin.edit.modifynode.BinaryOperatorReplacement  quixbugs/faulty_programs/FIND_IN_SORTED.java:48 LESS -> GREATER | gin.edit.modifynode.BinaryOperatorReplacement  quixbugs/faulty_programs/FIND_IN_SORTED.java:41 MINUS -> SIGNED_RIGHT_SHIFT | gin.edit.modifynode.BinaryOperatorReplacement  quixbugs/faulty_programs/FIND_IN_SORTED.java:48 LESS -> LESS_EQUALS | gin.edit.statement.CopyStatement quixbugs/faulty_programs/FIND_IN_SORTED.java:21 -> quixbugs/faulty_programs/FIND_IN_SORTED.java:89:89 | gin.edit.modifynode.ReplaceExpression quixbugs/faulty_programs/FIND_IN_SORTED.java:79 -> quixbugs/faulty_programs/FIND_IN_SORTED.java:49 | gin.edit.modifynode.BinaryOperatorReplacement  quixbugs/faulty_programs/FIND_IN_SORTED.java:39 DIVIDE -> LEFT_SHIFT |","true","false","2.470452","0.0","-5.0"
"faulty_programs.FIND_IN_SORTED.faulty_programs.FIND_IN_SORTED.binsearch(int[],int,int,int)","| gin.edit.statement.SwapStatement quixbugs/faulty_programs/FIND_IN_SORTED.java:20 <-> quixbugs/faulty_programs/FIND_IN_SORTED.java:27 | gin.edit.statement.SwapStatement quixbugs/faulty_programs/FIND_IN_SORTED.java:20 <-> quixbugs/faulty_programs/FIND_IN_SORTED.java:27 | gin.edit.modifynode.SwapExpression quixbugs/faulty_programs/FIND_IN_SORTED.java:52 <-> quixbugs/faulty_programs/FIND_IN_SORTED.java:62 | gin.edit.modifynode.BinaryOperatorReplacement  quixbugs/faulty_programs/FIND_IN_SORTED.java:48 LESS -> GREATER | gin.edit.statement.SwapStatement quixbugs/faulty_programs/FIND_IN_SORTED.java:77 <-> quixbugs/faulty_programs/FIND_IN_SORTED.java:21 | gin.edit.modifynode.BinaryOperatorReplacement  quixbugs/faulty_programs/FIND_IN_SORTED.java:39 DIVIDE -> PLUS | gin.edit.modifynode.SwapExpression quixbugs/faulty_programs/FIND_IN_SORTED.java:81 <-> quixbugs/faulty_programs/FIND_IN_SORTED.java:79 |","true","false","1.62774","11.0","6.0"
"faulty_programs.FIND_IN_SORTED.faulty_programs.FIND_IN_SORTED.binsearch(int[],int,int,int)","| gin.edit.modifynode.BinaryOperatorReplacement  quixbugs/faulty_programs/FIND_IN_SORTED.java:41 MINUS -> SIGNED_RIGHT_SHIFT | gin.edit.statement.SwapStatement quixbugs/faulty_programs/FIND_IN_SORTED.java:20 <-> quixbugs/faulty_programs/FIND_IN_SORTED.java:27 | gin.edit.modifynode.BinaryOperatorReplacement  quixbugs/faulty_programs/FIND_IN_SORTED.java:39 DIVIDE -> PLUS | gin.edit.modifynode.ReplaceExpression quixbugs/faulty_programs/FIND_IN_SORTED.java:32 -> quixbugs/faulty_programs/FIND_IN_SORTED.java:64 |","true","false","1.680734","11.0","6.0"
"faulty_programs.FIND_IN_SORTED.faulty_programs.FIND_IN_SORTED.binsearch(int[],int,int,int)","| gin.edit.modifynode.SwapExpression quixbugs/faulty_programs/FIND_IN_SORTED.java:52 <-> quixbugs/faulty_programs/FIND_IN_SORTED.java:62 | gin.edit.modifynode.BinaryOperatorReplacement  quixbugs/faulty_programs/FIND_IN_SORTED.java:48 LESS -> GREATER | gin.edit.modifynode.BinaryOperatorReplacement  quixbugs/faulty_programs/FIND_IN_SORTED.java:41 MINUS -> SIGNED_RIGHT_SHIFT | gin.edit.statement.SwapStatement quixbugs/faulty_programs/FIND_IN_SORTED.java:31 <-> quixbugs/faulty_programs/FIND_IN_SORTED.java:78 |","false","false","0.0","0.0","-5.0"
"faulty_programs.FIND_IN_SORTED.faulty_programs.FIND_IN_SORTED.binsearch(int[],int,int,int)","| gin.edit.modifynode.BinaryOperatorReplacement  quixbugs/faulty_programs/FIND_IN_SORTED.java:41 MINUS -> SIGNED_RIGHT_SHIFT | gin.edit.modifynode.BinaryOperatorReplacement  quixbugs/faulty_programs/FIND_IN_SORTED.java:48 LESS -> LESS_EQUALS | gin.edit.modifynode.SwapExpression quixbugs/faulty_programs/FIND_IN_SORTED.java:42 <-> quixbugs/faulty_programs/FIND_IN_SORTED.java:87 | gin.edit.statement.SwapStatement quixbugs/faulty_programs/FIND_IN_SORTED.java:20 <-> quixbugs/faulty_programs/FIND_IN_SORTED.java:27 | gin.edit.modifynode.SwapExpression quixbugs/faulty_programs/FIND_IN_SORTED.java:52 <-> quixbugs/faulty_programs/FIND_IN_SORTED.java:62 | gin.edit.modifynode.SwapExpression quixbugs/faulty_programs/FIND_IN_SORTED.java:29 <-> quixbugs/faulty_programs/FIND_IN_SORTED.java:75 | gin.edit.statement.SwapStatement quixbugs/faulty_programs/FIND_IN_SORTED.java:20 <-> quixbugs/faulty_programs/FIND_IN_SORTED.java:27 | gin.edit.statement.CopyStatement quixbugs/faulty_programs/FIND_IN_SORTED.java:27 -> quixbugs/faulty_programs/FIND_IN_SORTED.java:20:21 | gin.edit.modifynode.BinaryOperatorReplacement  quixbugs/faulty_programs/FIND_IN_SORTED.java:36 PLUS -> LEFT_SHIFT |","true","false","1.548722","11.0","6.0"
"faulty_programs.FIND_IN_SORTED.faulty_programs.FIND_IN_SORTED.binsearch(int[],int,int,int)","| gin.edit.modifynode.BinaryOperatorReplacement  quixbugs/faulty_programs/FIND_IN_SORTED.java:48 LESS -> GREATER | gin.edit.modifynode.BinaryOperatorReplacement  quixbugs/faulty_programs/FIND_IN_SORTED.java:41 MINUS -> SIGNED_RIGHT_SHIFT | gin.edit.modifynode.BinaryOperatorReplacement  quixbugs/faulty_programs/FIND_IN_SORTED.java:48 LESS -> LESS_EQUALS | gin.edit.statement.CopyStatement quixbugs/faulty_programs/FIND_IN_SORTED.java:21 -> quixbugs/faulty_programs/FIND_IN_SORTED.java:89:89 | gin.edit.modifynode.ReplaceExpression quixbugs/faulty_programs/FIND_IN_SORTED.java:79 -> quixbugs/faulty_programs/FIND_IN_SORTED.java:49 | gin.edit.modifynode.UnaryOperatorReplacement  quixbugs/faulty_programs/FIND_IN_SORTED.java:29 MINUS -> BITWISE_COMPLEMENT |","true","false","1.566121","3.0","-2.0"
"faulty_programs.FIND_IN_SORTED.faulty_programs.FIND_IN_SORTED.binsearch(int[],int,int,int)","| gin.edit.modifynode.SwapExpression quixbugs/faulty_programs/FIND_IN_SORTED.java:42 <-> quixbugs/faulty_programs/FIND_IN_SORTED.java:87 | gin.edit.statement.SwapStatement quixbugs/faulty_programs/FIND_IN_SORTED.java:20 <-> quixbugs/faulty_programs/FIND_IN_SORTED.java:27 | gin.edit.modifynode.SwapExpression quixbugs/faulty_programs/FIND_IN_SORTED.java:29 <-> quixbugs/faulty_programs/FIND_IN_SORTED.java:75 | gin.edit.statement.SwapStatement quixbugs/faulty_programs/FIND_IN_SORTED.java:20 <-> quixbugs/faulty_programs/FIND_IN_SORTED.java:27 | gin.edit.modifynode.BinaryOperatorReplacement  quixbugs/faulty_programs/FIND_IN_SORTED.java:41 MINUS -> SIGNED_RIGHT_SHIFT | gin.edit.modifynode.BinaryOperatorReplacement  quixbugs/faulty_programs/FIND_IN_SORTED.java:48 LESS -> LESS_EQUALS | gin.edit.modifynode.BinaryOperatorReplacement  quixbugs/faulty_programs/FIND_IN_SORTED.java:69 GREATER -> LESS |","true","false","1.567959","11.0","6.0"
"faulty_programs.FIND_IN_SORTED.faulty_programs.FIND_IN_SORTED.binsearch(int[],int,int,int)","| gin.edit.statement.CopyStatement quixbugs/faulty_programs/FIND_IN_SORTED.java:21 -> quixbugs/faulty_programs/FIND_IN_SORTED.java:89:89 | gin.edit.modifynode.ReplaceExpression quixbugs/faulty_programs/FIND_IN_SORTED.java:79 -> quixbugs/faulty_programs/FIND_IN_SORTED.java:49 | gin.edit.modifynode.BinaryOperatorReplacement  quixbugs/faulty_programs/FIND_IN_SORTED.java:41 MINUS -> SIGNED_RIGHT_SHIFT | gin.edit.modifynode.SwapExpression quixbugs/faulty_programs/FIND_IN_SORTED.java:29 <-> quixbugs/faulty_programs/FIND_IN_SORTED.java:75 | gin.edit.statement.SwapStatement quixbugs/faulty_programs/FIND_IN_SORTED.java:20 <-> quixbugs/faulty_programs/FIND_IN_SORTED.java:27 | gin.edit.modifynode.SwapExpression quixbugs/faulty_programs/FIND_IN_SORTED.java:46 <-> quixbugs/faulty_programs/FIND_IN_SORTED.java:91 |","false","false","0.0","0.0","-5.0"
"faulty_programs.FIND_IN_SORTED.faulty_programs.FIND_IN_SORTED.binsearch(int[],int,int,int)","| gin.edit.modifynode.BinaryOperatorReplacement  quixbugs/faulty_programs/FIND_IN_SORTED.java:48 LESS -> GREATER | gin.edit.modifynode.BinaryOperatorReplacement  quixbugs/faulty_programs/FIND_IN_SORTED.java:41 MINUS -> SIGNED_RIGHT_SHIFT | gin.edit.modifynode.BinaryOperatorReplacement  quixbugs/faulty_programs/FIND_IN_SORTED.java:48 LESS -> LESS_EQUALS | gin.edit.statement.CopyStatement quixbugs/faulty_programs/FIND_IN_SORTED.java:21 -> quixbugs/faulty_programs/FIND_IN_SORTED.java:89:89 | gin.edit.modifynode.ReplaceExpression quixbugs/faulty_programs/FIND_IN_SORTED.java:79 -> quixbugs/faulty_programs/FIND_IN_SORTED.java:49 | gin.edit.modifynode.UnaryOperatorReplacement  quixbugs/faulty_programs/FIND_IN_SORTED.java:29 MINUS -> BITWISE_COMPLEMENT |","true","false","1.628454","3.0","-2.0"
"faulty_programs.FIND_IN_SORTED.faulty_programs.FIND_IN_SORTED.binsearch(int[],int,int,int)","| gin.edit.statement.SwapStatement quixbugs/faulty_programs/FIND_IN_SORTED.java:20 <-> quixbugs/faulty_programs/FIND_IN_SORTED.java:27 | gin.edit.modifynode.SwapExpression quixbugs/faulty_programs/FIND_IN_SORTED.java:52 <-> quixbugs/faulty_programs/FIND_IN_SORTED.java:62 | gin.edit.modifynode.BinaryOperatorReplacement  quixbugs/faulty_programs/FIND_IN_SORTED.java:48 LESS -> GREATER | gin.edit.statement.SwapStatement quixbugs/faulty_programs/FIND_IN_SORTED.java:77 <-> quixbugs/faulty_programs/FIND_IN_SORTED.java:21 | gin.edit.modifynode.UnaryOperatorReplacement  quixbugs/faulty_programs/FIND_IN_SORTED.java:29 MINUS -> BITWISE_COMPLEMENT | gin.edit.modifynode.ReplaceExpression quixbugs/faulty_programs/FIND_IN_SORTED.java:22 -> quixbugs/faulty_programs/FIND_IN_SORTED.java:51 |","true","false","2.886784","11.0","6.0"
"faulty_programs.FIND_IN_SORTED.faulty_programs.FIND_IN_SORTED.binsearch(int[],int,int,int)","| gin.edit.modifynode.BinaryOperatorReplacement  quixbugs/faulty_programs/FIND_IN_SORTED.java:48 LESS -> GREATER | gin.edit.modifynode.BinaryOperatorReplacement  quixbugs/faulty_programs/FIND_IN_SORTED.java:41 MINUS -> SIGNED_RIGHT_SHIFT | gin.edit.modifynode.BinaryOperatorReplacement  quixbugs/faulty_programs/FIND_IN_SORTED.java:48 LESS -> LESS_EQUALS | gin.edit.modifynode.ReplaceExpression quixbugs/faulty_programs/FIND_IN_SORTED.java:79 -> quixbugs/faulty_programs/FIND_IN_SORTED.java:49 | gin.edit.statement.SwapStatement quixbugs/faulty_programs/FIND_IN_SORTED.java:20 <-> quixbugs/faulty_programs/FIND_IN_SORTED.java:27 | gin.edit.modifynode.SwapExpression quixbugs/faulty_programs/FIND_IN_SORTED.java:52 <-> quixbugs/faulty_programs/FIND_IN_SORTED.java:62 | gin.edit.modifynode.BinaryOperatorReplacement  quixbugs/faulty_programs/FIND_IN_SORTED.java:48 LESS -> GREATER | gin.edit.statement.SwapStatement quixbugs/faulty_programs/FIND_IN_SORTED.java:77 <-> quixbugs/faulty_programs/FIND_IN_SORTED.java:21 | gin.edit.modifynode.UnaryOperatorReplacement  quixbugs/faulty_programs/FIND_IN_SORTED.java:29 MINUS -> BITWISE_COMPLEMENT | gin.edit.statement.SwapStatement quixbugs/faulty_programs/FIND_IN_SORTED.java:21 <-> quixbugs/faulty_programs/FIND_IN_SORTED.java:21 |","true","false","1.630081","11.0","6.0"
"faulty_programs.FIND_IN_SORTED.faulty_programs.FIND_IN_SORTED.binsearch(int[],int,int,int)","| gin.edit.modifynode.BinaryOperatorReplacement  quixbugs/faulty_programs/FIND_IN_SORTED.java:48 LESS -> GREATER | gin.edit.modifynode.BinaryOperatorReplacement  quixbugs/faulty_programs/FIND_IN_SORTED.java:48 LESS -> GREATER | gin.edit.modifynode.BinaryOperatorReplacement  quixbugs/faulty_programs/FIND_IN_SORTED.java:48 LESS -> LESS_EQUALS | gin.edit.statement.CopyStatement quixbugs/faulty_programs/FIND_IN_SORTED.java:21 -> quixbugs/faulty_programs/FIND_IN_SORTED.java:89:89 | gin.edit.modifynode.SwapExpression quixbugs/faulty_programs/FIND_IN_SORTED.java:54 <-> quixbugs/faulty_programs/FIND_IN_SORTED.java:91 |","true","false","1.312339","13.0","8.0"
"faulty_programs.FIND_IN_SORTED.faulty_programs.FIND_IN_SORTED.binsearch(int[],int,int,int)","| gin.edit.modifynode.BinaryOperatorReplacement  quixbugs/faulty_programs/FIND_IN_SORTED.java:48 LESS -> GREATER | gin.edit.modifynode.BinaryOperatorReplacement  quixbugs/faulty_programs/FIND_IN_SORTED.java:41 MINUS -> SIGNED_RIGHT_SHIFT | gin.edit.modifynode.BinaryOperatorReplacement  quixbugs/faulty_programs/FIND_IN_SORTED.java:48 LESS -> LESS_EQUALS | gin.edit.modifynode.SwapExpression quixbugs/faulty_programs/FIND_IN_SORTED.java:42 <-> quixbugs/faulty_programs/FIND_IN_SORTED.java:87 | gin.edit.modifynode.ReplaceExpression quixbugs/faulty_programs/FIND_IN_SORTED.java:40 -> quixbugs/faulty_programs/FIND_IN_SORTED.java:87 | gin.edit.statement.DeleteStatement quixbugs/faulty_programs/FIND_IN_SORTED.java:90 |","false","false","0.0","0.0","-5.0"
"faulty_programs.FIND_IN_SORTED.faulty_programs.FIND_IN_SORTED.binsearch(int[],int,int,int)","| gin.edit.modifynode.BinaryOperatorReplacement  quixbugs/faulty_programs/FIND_IN_SORTED.java:48 LESS -> LESS_EQUALS | gin.edit.statement.SwapStatement quixbugs/faulty_programs/FIND_IN_SORTED.java:57 <-> quixbugs/faulty_programs/FIND_IN_SORTED.java:47 | gin.edit.modifynode.ReplaceExpression quixbugs/faulty_programs/FIND_IN_SORTED.java:75 -> quixbugs/faulty_programs/FIND_IN_SORTED.java:58 | gin.edit.statement.SwapStatement quixbugs/faulty_programs/FIND_IN_SORTED.java:68 <-> quixbugs/faulty_programs/FIND_IN_SORTED.java:27 | gin.edit.statement.SwapStatement quixbugs/faulty_programs/FIND_IN_SORTED.java:20 <-> quixbugs/faulty_programs/FIND_IN_SORTED.java:27 | gin.edit.statement.SwapStatement quixbugs/faulty_programs/FIND_IN_SORTED.java:89 <-> quixbugs/faulty_programs/FIND_IN_SORTED.java:78 | gin.edit.modifynode.SwapExpression quixbugs/faulty_programs/FIND_IN_SORTED.java:51 <-> quixbugs/faulty_programs/FIND_IN_SORTED.java:60 | gin.edit.statement.DeleteStatement quixbugs/faulty_programs/FIND_IN_SORTED.java:27 | gin.edit.modifynode.SwapExpression quixbugs/faulty_programs/FIND_IN_SORTED.java:52 <-> quixbugs/faulty_programs/FIND_IN_SORTED.java:66 | gin.edit.statement.CopyStatement quixbugs/faulty_programs/FIND_IN_SORTED.java:28 -> quixbugs/faulty_programs/FIND_IN_SORTED.java:77:77 | gin.edit.statement.SwapStatement quixbugs/faulty_programs/FIND_IN_SORTED.java:21 <-> quixbugs/faulty_programs/FIND_IN_SORTED.java:28 |","true","false","1.585998","11.0","6.0"
"faulty_programs.FIND_IN_SORTED.faulty_programs.FIND_IN_SORTED.binsearch(int[],int,int,int)","| gin.edit.statement.SwapStatement quixbugs/faulty_programs/FIND_IN_SORTED.java:57 <-> quixbugs/faulty_programs/FIND_IN_SORTED.java:47 | gin.edit.statement.SwapStatement quixbugs/faulty_programs/FIND_IN_SORTED.java:20 <-> quixbugs/faulty_programs/FIND_IN_SORTED.java:27 | gin.edit.statement.DeleteStatement quixbugs/faulty_programs/FIND_IN_SORTED.java:27 | gin.edit.statement.CopyStatement quixbugs/faulty_programs/FIND_IN_SORTED.java:28 -> quixbugs/faulty_programs/FIND_IN_SORTED.java:77:77 | gin.edit.statement.DeleteStatement quixbugs/faulty_programs/FIND_IN_SORTED.java:68 |","true","false","1.366399","11.0","6.0"
"faulty_programs.FIND_IN_SORTED.faulty_programs.FIND_IN_SORTED.binsearch(int[],int,int,int)","| gin.edit.statement.SwapStatement quixbugs/faulty_programs/FIND_IN_SORTED.java:57 <-> quixbugs/faulty_programs/FIND_IN_SORTED.java:47 | gin.edit.statement.SwapStatement quixbugs/faulty_programs/FIND_IN_SORTED.java:20 <-> quixbugs/faulty_programs/FIND_IN_SORTED.java:27 | gin.edit.modifynode.SwapExpression quixbugs/faulty_programs/FIND_IN_SORTED.java:51 <-> quixbugs/faulty_programs/FIND_IN_SORTED.java:60 | gin.edit.statement.DeleteStatement quixbugs/faulty_programs/FIND_IN_SORTED.java:27 | gin.edit.modifynode.SwapExpression quixbugs/faulty_programs/FIND_IN_SORTED.java:52 <-> quixbugs/faulty_programs/FIND_IN_SORTED.java:66 | gin.edit.modifynode.BinaryOperatorReplacement  quixbugs/faulty_programs/FIND_IN_SORTED.java:41 MINUS -> SIGNED_RIGHT_SHIFT | gin.edit.modifynode.BinaryOperatorReplacement  quixbugs/faulty_programs/FIND_IN_SORTED.java:48 LESS -> LESS_EQUALS | gin.edit.modifynode.ReplaceExpression quixbugs/faulty_programs/FIND_IN_SORTED.java:40 -> quixbugs/faulty_programs/FIND_IN_SORTED.java:87 | gin.edit.modifynode.ReplaceExpression quixbugs/faulty_programs/FIND_IN_SORTED.java:54 -> quixbugs/faulty_programs/FIND_IN_SORTED.java:36 |","true","false","1.750737","11.0","6.0"
"faulty_programs.FIND_IN_SORTED.faulty_programs.FIND_IN_SORTED.binsearch(int[],int,int,int)","| gin.edit.modifynode.BinaryOperatorReplacement  quixbugs/faulty_programs/FIND_IN_SORTED.java:41 MINUS -> SIGNED_RIGHT_SHIFT | gin.edit.modifynode.BinaryOperatorReplacement  quixbugs/faulty_programs/FIND_IN_SORTED.java:48 LESS -> LESS_EQUALS | gin.edit.modifynode.SwapExpression quixbugs/faulty_programs/FIND_IN_SORTED.java:42 <-> quixbugs/faulty_programs/FIND_IN_SORTED.java:87 | gin.edit.statement.SwapStatement quixbugs/faulty_programs/FIND_IN_SORTED.java:20 <-> quixbugs/faulty_programs/FIND_IN_SORTED.java:27 | gin.edit.modifynode.SwapExpression quixbugs/faulty_programs/FIND_IN_SORTED.java:52 <-> quixbugs/faulty_programs/FIND_IN_SORTED.java:62 | gin.edit.modifynode.SwapExpression quixbugs/faulty_programs/FIND_IN_SORTED.java:29 <-> quixbugs/faulty_programs/FIND_IN_SORTED.java:75 | gin.edit.statement.SwapStatement quixbugs/faulty_programs/FIND_IN_SORTED.java:20 <-> quixbugs/faulty_programs/FIND_IN_SORTED.java:27 | gin.edit.statement.CopyStatement quixbugs/faulty_programs/FIND_IN_SORTED.java:27 -> quixbugs/faulty_programs/FIND_IN_SORTED.java:20:21 | gin.edit.statement.DeleteStatement quixbugs/faulty_programs/FIND_IN_SORTED.java:56 |","true","false","1.709281","11.0","6.0"
"faulty_programs.FIND_IN_SORTED.faulty_programs.FIND_IN_SORTED.binsearch(int[],int,int,int)","| gin.edit.modifynode.BinaryOperatorReplacement  quixbugs/faulty_programs/FIND_IN_SORTED.java:48 LESS -> EQUALS | gin.edit.statement.SwapStatement quixbugs/faulty_programs/FIND_IN_SORTED.java:57 <-> quixbugs/faulty_programs/FIND_IN_SORTED.java:47 | gin.edit.statement.ReplaceStatement quixbugs/faulty_programs/FIND_IN_SORTED.java:90 -> quixbugs/faulty_programs/FIND_IN_SORTED.java:89 | gin.edit.statement.ReplaceStatement quixbugs/faulty_programs/FIND_IN_SORTED.java:47 -> quixbugs/faulty_programs/FIND_IN_SORTED.java:57 | gin.edit.modifynode.UnaryOperatorReplacement  quixbugs/faulty_programs/FIND_IN_SORTED.java:29 MINUS -> BITWISE_COMPLEMENT |","true","false","1.821295","0.0","-5.0"
"faulty_programs.FIND_IN_SORTED.faulty_programs.FIND_IN_SORTED.binsearch(int[],int,int,int)","| gin.edit.modifynode.BinaryOperatorReplacement  quixbugs/faulty_programs/FIND_IN_SORTED.java:48 LESS -> LESS_EQUALS | gin.edit.statement.SwapStatement quixbugs/faulty_programs/FIND_IN_SORTED.java:20 <-> quixbugs/faulty_programs/FIND_IN_SORTED.java:27 | gin.edit.modifynode.SwapExpression quixbugs/faulty_programs/FIND_IN_SORTED.java:52 <-> quixbugs/faulty_programs/FIND_IN_SORTED.java:62 | gin.edit.statement.CopyStatement quixbugs/faulty_programs/FIND_IN_SORTED.java:27 -> quixbugs/faulty_programs/FIND_IN_SORTED.java:20:21 | gin.edit.modifynode.BinaryOperatorReplacement  quixbugs/faulty_programs/FIND_IN_SORTED.java:48 LESS -> EQUALS | gin.edit.statement.ReplaceStatement quixbugs/faulty_programs/FIND_IN_SORTED.java:47 -> quixbugs/faulty_programs/FIND_IN_SORTED.java:57 | gin.edit.statement.SwapStatement quixbugs/faulty_programs/FIND_IN_SORTED.java:77 <-> quixbugs/faulty_programs/FIND_IN_SORTED.java:27 |","true","false","1.677652","11.0","6.0"
"faulty_programs.FIND_IN_SORTED.faulty_programs.FIND_IN_SORTED.binsearch(int[],int,int,int)","| gin.edit.modifynode.BinaryOperatorReplacement  quixbugs/faulty_programs/FIND_IN_SORTED.java:48 LESS -> EQUALS | gin.edit.statement.SwapStatement quixbugs/faulty_programs/FIND_IN_SORTED.java:57 <-> quixbugs/faulty_programs/FIND_IN_SORTED.java:47 | gin.edit.modifynode.BinaryOperatorReplacement  quixbugs/faulty_programs/FIND_IN_SORTED.java:41 MINUS -> SIGNED_RIGHT_SHIFT | gin.edit.statement.SwapStatement quixbugs/faulty_programs/FIND_IN_SORTED.java:20 <-> quixbugs/faulty_programs/FIND_IN_SORTED.java:27 | gin.edit.modifynode.SwapExpression quixbugs/faulty_programs/FIND_IN_SORTED.java:52 <-> quixbugs/faulty_programs/FIND_IN_SORTED.java:62 | gin.edit.modifynode.SwapExpression quixbugs/faulty_programs/FIND_IN_SORTED.java:29 <-> quixbugs/faulty_programs/FIND_IN_SORTED.java:75 | gin.edit.modifynode.SwapExpression quixbugs/faulty_programs/FIND_IN_SORTED.java:44 <-> quixbugs/faulty_programs/FIND_IN_SORTED.java:52 |","true","false","18.01854","11.0","6.0"
"faulty_programs.FIND_IN_SORTED.faulty_programs.FIND_IN_SORTED.binsearch(int[],int,int,int)","| gin.edit.modifynode.BinaryOperatorReplacement  quixbugs/faulty_programs/FIND_IN_SORTED.java:48 LESS -> GREATER | gin.edit.modifynode.BinaryOperatorReplacement  quixbugs/faulty_programs/FIND_IN_SORTED.java:41 MINUS -> SIGNED_RIGHT_SHIFT | gin.edit.modifynode.BinaryOperatorReplacement  quixbugs/faulty_programs/FIND_IN_SORTED.java:48 LESS -> LESS_EQUALS | gin.edit.modifynode.SwapExpression quixbugs/faulty_programs/FIND_IN_SORTED.java:42 <-> quixbugs/faulty_programs/FIND_IN_SORTED.java:87 | gin.edit.modifynode.ReplaceExpression quixbugs/faulty_programs/FIND_IN_SORTED.java:40 -> quixbugs/faulty_programs/FIND_IN_SORTED.java:87 | gin.edit.modifynode.SwapExpression quixbugs/faulty_programs/FIND_IN_SORTED.java:54 <-> quixbugs/faulty_programs/FIND_IN_SORTED.java:39 | gin.edit.statement.SwapStatement quixbugs/faulty_programs/FIND_IN_SORTED.java:68 <-> quixbugs/faulty_programs/FIND_IN_SORTED.java:57 |","true","false","10.815919","1.0","-4.0"
"faulty_programs.FIND_IN_SORTED.faulty_programs.FIND_IN_SORTED.binsearch(int[],int,int,int)","| gin.edit.statement.SwapStatement quixbugs/faulty_programs/FIND_IN_SORTED.java:20 <-> quixbugs/faulty_programs/FIND_IN_SORTED.java:27 | gin.edit.modifynode.UnaryOperatorReplacement  quixbugs/faulty_programs/FIND_IN_SORTED.java:29 MINUS -> PLUS | gin.edit.statement.CopyStatement quixbugs/faulty_programs/FIND_IN_SORTED.java:104 -> quixbugs/faulty_programs/FIND_IN_SORTED.java:27:27 | gin.edit.statement.ReplaceStatement quixbugs/faulty_programs/FIND_IN_SORTED.java:31 -> quixbugs/faulty_programs/FIND_IN_SORTED.java:89 | gin.edit.modifynode.BinaryOperatorReplacement  quixbugs/faulty_programs/FIND_IN_SORTED.java:39 DIVIDE -> SIGNED_RIGHT_SHIFT | gin.edit.modifynode.ReplaceExpression quixbugs/faulty_programs/FIND_IN_SORTED.java:79 -> quixbugs/faulty_programs/FIND_IN_SORTED.java:52 |","true","false","1.43513","11.0","6.0"
"faulty_programs.FIND_IN_SORTED.faulty_programs.FIND_IN_SORTED.binsearch(int[],int,int,int)","| gin.edit.modifynode.BinaryOperatorReplacement  quixbugs/faulty_programs/FIND_IN_SORTED.java:48 LESS -> GREATER | gin.edit.modifynode.BinaryOperatorReplacement  quixbugs/faulty_programs/FIND_IN_SORTED.java:41 MINUS -> SIGNED_RIGHT_SHIFT | gin.edit.modifynode.SwapExpression quixbugs/faulty_programs/FIND_IN_SORTED.java:42 <-> quixbugs/faulty_programs/FIND_IN_SORTED.java:87 | gin.edit.modifynode.ReplaceExpression quixbugs/faulty_programs/FIND_IN_SORTED.java:40 -> quixbugs/faulty_programs/FIND_IN_SORTED.java:87 | gin.edit.statement.CopyStatement quixbugs/faulty_programs/FIND_IN_SORTED.java:104 -> quixbugs/faulty_programs/FIND_IN_SORTED.java:27:27 | gin.edit.statement.ReplaceStatement quixbugs/faulty_programs/FIND_IN_SORTED.java:28 -> quixbugs/faulty_programs/FIND_IN_SORTED.java:89 |","false","false","0.0","0.0","-5.0"
"faulty_programs.FIND_IN_SORTED.faulty_programs.FIND_IN_SORTED.binsearch(int[],int,int,int)","| gin.edit.statement.CopyStatement quixbugs/faulty_programs/FIND_IN_SORTED.java:104 -> quixbugs/faulty_programs/FIND_IN_SORTED.java:27:27 | gin.edit.statement.ReplaceStatement quixbugs/faulty_programs/FIND_IN_SORTED.java:31 -> quixbugs/faulty_programs/FIND_IN_SORTED.java:89 | gin.edit.modifynode.BinaryOperatorReplacement  quixbugs/faulty_programs/FIND_IN_SORTED.java:48 LESS -> GREATER | gin.edit.modifynode.BinaryOperatorReplacement  quixbugs/faulty_programs/FIND_IN_SORTED.java:48 LESS -> LESS_EQUALS | gin.edit.modifynode.SwapExpression quixbugs/faulty_programs/FIND_IN_SORTED.java:42 <-> quixbugs/faulty_programs/FIND_IN_SORTED.java:87 | gin.edit.modifynode.SwapExpression quixbugs/faulty_programs/FIND_IN_SORTED.java:54 <-> quixbugs/faulty_programs/FIND_IN_SORTED.java:39 | gin.edit.modifynode.UnaryOperatorReplacement  quixbugs/faulty_programs/FIND_IN_SORTED.java:29 MINUS -> BITWISE_COMPLEMENT |","false","false","0.0","0.0","-5.0"
"faulty_programs.FIND_IN_SORTED.faulty_programs.FIND_IN_SORTED.binsearch(int[],int,int,int)","| gin.edit.modifynode.BinaryOperatorReplacement  quixbugs/faulty_programs/FIND_IN_SORTED.java:48 LESS -> GREATER | gin.edit.modifynode.BinaryOperatorReplacement  quixbugs/faulty_programs/FIND_IN_SORTED.java:41 MINUS -> SIGNED_RIGHT_SHIFT | gin.edit.modifynode.BinaryOperatorReplacement  quixbugs/faulty_programs/FIND_IN_SORTED.java:48 LESS -> LESS_EQUALS | gin.edit.modifynode.SwapExpression quixbugs/faulty_programs/FIND_IN_SORTED.java:42 <-> quixbugs/faulty_programs/FIND_IN_SORTED.java:87 | gin.edit.modifynode.ReplaceExpression quixbugs/faulty_programs/FIND_IN_SORTED.java:40 -> quixbugs/faulty_programs/FIND_IN_SORTED.java:87 | gin.edit.modifynode.SwapExpression quixbugs/faulty_programs/FIND_IN_SORTED.java:54 <-> quixbugs/faulty_programs/FIND_IN_SORTED.java:39 | gin.edit.modifynode.UnaryOperatorReplacement  quixbugs/faulty_programs/FIND_IN_SORTED.java:29 MINUS -> LOGICAL_COMPLEMENT |","false","false","0.0","0.0","-5.0"
"faulty_programs.FIND_IN_SORTED.faulty_programs.FIND_IN_SORTED.binsearch(int[],int,int,int)","| gin.edit.modifynode.BinaryOperatorReplacement  quixbugs/faulty_programs/FIND_IN_SORTED.java:48 LESS -> GREATER | gin.edit.modifynode.BinaryOperatorReplacement  quixbugs/faulty_programs/FIND_IN_SORTED.java:41 MINUS -> SIGNED_RIGHT_SHIFT | gin.edit.modifynode.BinaryOperatorReplacement  quixbugs/faulty_programs/FIND_IN_SORTED.java:48 LESS -> LESS_EQUALS | gin.edit.modifynode.SwapExpression quixbugs/faulty_programs/FIND_IN_SORTED.java:42 <-> quixbugs/faulty_programs/FIND_IN_SORTED.java:87 | gin.edit.modifynode.ReplaceExpression quixbugs/faulty_programs/FIND_IN_SORTED.java:40 -> quixbugs/faulty_programs/FIND_IN_SORTED.java:87 | gin.edit.modifynode.SwapExpression quixbugs/faulty_programs/FIND_IN_SORTED.java:54 <-> quixbugs/faulty_programs/FIND_IN_SORTED.java:39 | gin.edit.modifynode.ReplaceExpression quixbugs/faulty_programs/FIND_IN_SORTED.java:73 -> quixbugs/faulty_programs/FIND_IN_SORTED.java:44 |","true","false","1.505149","13.0","8.0"
"faulty_programs.FIND_IN_SORTED.faulty_programs.FIND_IN_SORTED.binsearch(int[],int,int,int)","| gin.edit.modifynode.BinaryOperatorReplacement  quixbugs/faulty_programs/FIND_IN_SORTED.java:48 LESS -> GREATER | gin.edit.modifynode.BinaryOperatorReplacement  quixbugs/faulty_programs/FIND_IN_SORTED.java:41 MINUS -> SIGNED_RIGHT_SHIFT | gin.edit.modifynode.ReplaceExpression quixbugs/faulty_programs/FIND_IN_SORTED.java:40 -> quixbugs/faulty_programs/FIND_IN_SORTED.java:87 | gin.edit.modifynode.SwapExpression quixbugs/faulty_programs/FIND_IN_SORTED.java:54 <-> quixbugs/faulty_programs/FIND_IN_SORTED.java:39 | gin.edit.modifynode.BinaryOperatorReplacement  quixbugs/faulty_programs/FIND_IN_SORTED.java:48 LESS -> GREATER | gin.edit.modifynode.BinaryOperatorReplacement  quixbugs/faulty_programs/FIND_IN_SORTED.java:41 MINUS -> SIGNED_RIGHT_SHIFT | gin.edit.modifynode.SwapExpression quixbugs/faulty_programs/FIND_IN_SORTED.java:54 <-> quixbugs/faulty_programs/FIND_IN_SORTED.java:39 | gin.edit.statement.CopyStatement quixbugs/faulty_programs/FIND_IN_SORTED.java:90 -> quixbugs/faulty_programs/FIND_IN_SORTED.java:77:77 |","false","false","0.0","0.0","-5.0"
"faulty_programs.FIND_IN_SORTED.faulty_programs.FIND_IN_SORTED.binsearch(int[],int,int,int)","| gin.edit.modifynode.BinaryOperatorReplacement  quixbugs/faulty_programs/FIND_IN_SORTED.java:48 LESS -> GREATER | gin.edit.modifynode.SwapExpression quixbugs/faulty_programs/FIND_IN_SORTED.java:42 <-> quixbugs/faulty_programs/FIND_IN_SORTED.java:87 | gin.edit.modifynode.SwapExpression quixbugs/faulty_programs/FIND_IN_SORTED.java:54 <-> quixbugs/faulty_programs/FIND_IN_SORTED.java:39 | gin.edit.modifynode.ReplaceExpression quixbugs/faulty_programs/FIND_IN_SORTED.java:40 -> quixbugs/faulty_programs/FIND_IN_SORTED.java:87 | gin.edit.modifynode.ReplaceExpression quixbugs/faulty_programs/FIND_IN_SORTED.java:30 -> quixbugs/faulty_programs/FIND_IN_SORTED.java:32 |","false","false","0.0","0.0","-5.0"
"faulty_programs.FIND_IN_SORTED.faulty_programs.FIND_IN_SORTED.binsearch(int[],int,int,int)","| gin.edit.modifynode.BinaryOperatorReplacement  quixbugs/faulty_programs/FIND_IN_SORTED.java:48 LESS -> GREATER | gin.edit.modifynode.BinaryOperatorReplacement  quixbugs/faulty_programs/FIND_IN_SORTED.java:41 MINUS -> SIGNED_RIGHT_SHIFT | gin.edit.modifynode.BinaryOperatorReplacement  quixbugs/faulty_programs/FIND_IN_SORTED.java:48 LESS -> LESS_EQUALS | gin.edit.modifynode.ReplaceExpression quixbugs/faulty_programs/FIND_IN_SORTED.java:79 -> quixbugs/faulty_programs/FIND_IN_SORTED.java:49 | gin.edit.statement.SwapStatement quixbugs/faulty_programs/FIND_IN_SORTED.java:20 <-> quixbugs/faulty_programs/FIND_IN_SORTED.java:27 | gin.edit.modifynode.SwapExpression quixbugs/faulty_programs/FIND_IN_SORTED.java:52 <-> quixbugs/faulty_programs/FIND_IN_SORTED.java:62 | gin.edit.modifynode.BinaryOperatorReplacement  quixbugs/faulty_programs/FIND_IN_SORTED.java:48 LESS -> GREATER | gin.edit.statement.SwapStatement quixbugs/faulty_programs/FIND_IN_SORTED.java:77 <-> quixbugs/faulty_programs/FIND_IN_SORTED.java:21 | gin.edit.modifynode.UnaryOperatorReplacement  quixbugs/faulty_programs/FIND_IN_SORTED.java:29 MINUS -> BITWISE_COMPLEMENT | gin.edit.statement.SwapStatement quixbugs/faulty_programs/FIND_IN_SORTED.java:21 <-> quixbugs/faulty_programs/FIND_IN_SORTED.java:21 | gin.edit.modifynode.ReplaceExpression quixbugs/faulty_programs/FIND_IN_SORTED.java:37 -> quixbugs/faulty_programs/FIND_IN_SORTED.java:87 |","true","false","1.483956","11.0","6.0"
"faulty_programs.FIND_IN_SORTED.faulty_programs.FIND_IN_SORTED.binsearch(int[],int,int,int)","| gin.edit.statement.SwapStatement quixbugs/faulty_programs/FIND_IN_SORTED.java:57 <-> quixbugs/faulty_programs/FIND_IN_SORTED.java:47 | gin.edit.statement.SwapStatement quixbugs/faulty_programs/FIND_IN_SORTED.java:20 <-> quixbugs/faulty_programs/FIND_IN_SORTED.java:27 | gin.edit.modifynode.SwapExpression quixbugs/faulty_programs/FIND_IN_SORTED.java:51 <-> quixbugs/faulty_programs/FIND_IN_SORTED.java:60 | gin.edit.statement.DeleteStatement quixbugs/faulty_programs/FIND_IN_SORTED.java:27 | gin.edit.modifynode.SwapExpression quixbugs/faulty_programs/FIND_IN_SORTED.java:52 <-> quixbugs/faulty_programs/FIND_IN_SORTED.java:66 | gin.edit.modifynode.BinaryOperatorReplacement  quixbugs/faulty_programs/FIND_IN_SORTED.java:41 MINUS -> SIGNED_RIGHT_SHIFT | gin.edit.modifynode.BinaryOperatorReplacement  quixbugs/faulty_programs/FIND_IN_SORTED.java:48 LESS -> LESS_EQUALS | gin.edit.modifynode.ReplaceExpression quixbugs/faulty_programs/FIND_IN_SORTED.java:40 -> quixbugs/faulty_programs/FIND_IN_SORTED.java:87 | gin.edit.modifynode.ReplaceExpression quixbugs/faulty_programs/FIND_IN_SORTED.java:54 -> quixbugs/faulty_programs/FIND_IN_SORTED.java:36 | gin.edit.statement.DeleteStatement quixbugs/faulty_programs/FIND_IN_SORTED.java:78 |","true","false","1.376695","11.0","6.0"
"faulty_programs.FIND_IN_SORTED.faulty_programs.FIND_IN_SORTED.binsearch(int[],int,int,int)","| gin.edit.modifynode.BinaryOperatorReplacement  quixbugs/faulty_programs/FIND_IN_SORTED.java:48 LESS -> GREATER | gin.edit.modifynode.BinaryOperatorReplacement  quixbugs/faulty_programs/FIND_IN_SORTED.java:48 LESS -> LESS_EQUALS | gin.edit.statement.SwapStatement quixbugs/faulty_programs/FIND_IN_SORTED.java:20 <-> quixbugs/faulty_programs/FIND_IN_SORTED.java:27 | gin.edit.modifynode.BinaryOperatorReplacement  quixbugs/faulty_programs/FIND_IN_SORTED.java:48 LESS -> GREATER | gin.edit.statement.SwapStatement quixbugs/faulty_programs/FIND_IN_SORTED.java:77 <-> quixbugs/faulty_programs/FIND_IN_SORTED.java:21 | gin.edit.statement.SwapStatement quixbugs/faulty_programs/FIND_IN_SORTED.java:20 <-> quixbugs/faulty_programs/FIND_IN_SORTED.java:27 | gin.edit.statement.DeleteStatement quixbugs/faulty_programs/FIND_IN_SORTED.java:27 | gin.edit.modifynode.SwapExpression quixbugs/faulty_programs/FIND_IN_SORTED.java:52 <-> quixbugs/faulty_programs/FIND_IN_SORTED.java:66 | gin.edit.modifynode.ReplaceExpression quixbugs/faulty_programs/FIND_IN_SORTED.java:40 -> quixbugs/faulty_programs/FIND_IN_SORTED.java:87 | gin.edit.statement.CopyStatement quixbugs/faulty_programs/FIND_IN_SORTED.java:103 -> quixbugs/faulty_programs/FIND_IN_SORTED.java:89:89 |","true","false","1.665708","11.0","6.0"
"faulty_programs.FIND_IN_SORTED.faulty_programs.FIND_IN_SORTED.binsearch(int[],int,int,int)","| gin.edit.statement.SwapStatement quixbugs/faulty_programs/FIND_IN_SORTED.java:57 <-> quixbugs/faulty_programs/FIND_IN_SORTED.java:47 | gin.edit.statement.SwapStatement quixbugs/faulty_programs/FIND_IN_SORTED.java:20 <-> quixbugs/faulty_programs/FIND_IN_SORTED.java:27 | gin.edit.modifynode.SwapExpression quixbugs/faulty_programs/FIND_IN_SORTED.java:51 <-> quixbugs/faulty_programs/FIND_IN_SORTED.java:60 | gin.edit.modifynode.BinaryOperatorReplacement  quixbugs/faulty_programs/FIND_IN_SORTED.java:41 MINUS -> SIGNED_RIGHT_SHIFT | gin.edit.modifynode.BinaryOperatorReplacement  quixbugs/faulty_programs/FIND_IN_SORTED.java:48 LESS -> LESS_EQUALS | gin.edit.modifynode.ReplaceExpression quixbugs/faulty_programs/FIND_IN_SORTED.java:54 -> quixbugs/faulty_programs/FIND_IN_SORTED.java:36 | gin.edit.modifynode.BinaryOperatorReplacement  quixbugs/faulty_programs/FIND_IN_SORTED.java:48 LESS -> GREATER | gin.edit.modifynode.BinaryOperatorReplacement  quixbugs/faulty_programs/FIND_IN_SORTED.java:48 LESS -> GREATER | gin.edit.modifynode.UnaryOperatorReplacement  quixbugs/faulty_programs/FIND_IN_SORTED.java:29 MINUS -> BITWISE_COMPLEMENT | gin.edit.statement.SwapStatement quixbugs/faulty_programs/FIND_IN_SORTED.java:21 <-> quixbugs/faulty_programs/FIND_IN_SORTED.java:21 | gin.edit.statement.SwapStatement quixbugs/faulty_programs/FIND_IN_SORTED.java:56 <-> quixbugs/faulty_programs/FIND_IN_SORTED.java:20 |","true","false","1.629398","11.0","6.0"
"faulty_programs.FIND_IN_SORTED.faulty_programs.FIND_IN_SORTED.binsearch(int[],int,int,int)","| gin.edit.modifynode.BinaryOperatorReplacement  quixbugs/faulty_programs/FIND_IN_SORTED.java:48 LESS -> GREATER | gin.edit.modifynode.BinaryOperatorReplacement  quixbugs/faulty_programs/FIND_IN_SORTED.java:48 LESS -> GREATER | gin.edit.modifynode.BinaryOperatorReplacement  quixbugs/faulty_programs/FIND_IN_SORTED.java:48 LESS -> LESS_EQUALS | gin.edit.statement.CopyStatement quixbugs/faulty_programs/FIND_IN_SORTED.java:21 -> quixbugs/faulty_programs/FIND_IN_SORTED.java:89:89 | gin.edit.modifynode.SwapExpression quixbugs/faulty_programs/FIND_IN_SORTED.java:54 <-> quixbugs/faulty_programs/FIND_IN_SORTED.java:91 | gin.edit.modifynode.UnaryOperatorReplacement  quixbugs/faulty_programs/FIND_IN_SORTED.java:29 MINUS -> LOGICAL_COMPLEMENT |","false","false","0.0","0.0","-5.0"
"faulty_programs.FIND_IN_SORTED.faulty_programs.FIND_IN_SORTED.binsearch(int[],int,int,int)","| gin.edit.modifynode.BinaryOperatorReplacement  quixbugs/faulty_programs/FIND_IN_SORTED.java:41 MINUS -> SIGNED_RIGHT_SHIFT | gin.edit.statement.SwapStatement quixbugs/faulty_programs/FIND_IN_SORTED.java:20 <-> quixbugs/faulty_programs/FIND_IN_SORTED.java:27 | gin.edit.modifynode.SwapExpression quixbugs/faulty_programs/FIND_IN_SORTED.java:29 <-> quixbugs/faulty_programs/FIND_IN_SORTED.java:75 | gin.edit.statement.SwapStatement quixbugs/faulty_programs/FIND_IN_SORTED.java:20 <-> quixbugs/faulty_programs/FIND_IN_SORTED.java:27 | gin.edit.statement.CopyStatement quixbugs/faulty_programs/FIND_IN_SORTED.java:27 -> quixbugs/faulty_programs/FIND_IN_SORTED.java:20:21 | gin.edit.statement.ReplaceStatement quixbugs/faulty_programs/FIND_IN_SORTED.java:31 -> quixbugs/faulty_programs/FIND_IN_SORTED.java:89 | gin.edit.statement.DeleteStatement quixbugs/faulty_programs/FIND_IN_SORTED.java:90 | gin.edit.statement.ReplaceStatement quixbugs/faulty_programs/FIND_IN_SORTED.java:68 -> quixbugs/faulty_programs/FIND_IN_SORTED.java:20 |","true","false","1.739363","11.0","6.0"
"faulty_programs.FIND_IN_SORTED.faulty_programs.FIND_IN_SORTED.binsearch(int[],int,int,int)","| gin.edit.modifynode.BinaryOperatorReplacement  quixbugs/faulty_programs/FIND_IN_SORTED.java:48 LESS -> GREATER | gin.edit.modifynode.BinaryOperatorReplacement  quixbugs/faulty_programs/FIND_IN_SORTED.java:48 LESS -> LESS_EQUALS | gin.edit.statement.CopyStatement quixbugs/faulty_programs/FIND_IN_SORTED.java:21 -> quixbugs/faulty_programs/FIND_IN_SORTED.java:89:89 | gin.edit.modifynode.SwapExpression quixbugs/faulty_programs/FIND_IN_SORTED.java:54 <-> quixbugs/faulty_programs/FIND_IN_SORTED.java:91 | gin.edit.statement.SwapStatement quixbugs/faulty_programs/FIND_IN_SORTED.java:20 <-> quixbugs/faulty_programs/FIND_IN_SORTED.java:27 | gin.edit.statement.SwapStatement quixbugs/faulty_programs/FIND_IN_SORTED.java:20 <-> quixbugs/faulty_programs/FIND_IN_SORTED.java:27 | gin.edit.statement.DeleteStatement quixbugs/faulty_programs/FIND_IN_SORTED.java:90 | gin.edit.statement.DeleteStatement quixbugs/faulty_programs/FIND_IN_SORTED.java:56 |","true","false","1.694508","11.0","6.0"
"faulty_programs.FIND_IN_SORTED.faulty_programs.FIND_IN_SORTED.binsearch(int[],int,int,int)","| gin.edit.statement.SwapStatement quixbugs/faulty_programs/FIND_IN_SORTED.java:20 <-> quixbugs/faulty_programs/FIND_IN_SORTED.java:27 | gin.edit.statement.SwapStatement quixbugs/faulty_programs/FIND_IN_SORTED.java:20 <-> quixbugs/faulty_programs/FIND_IN_SORTED.java:27 | gin.edit.statement.DeleteStatement quixbugs/faulty_programs/FIND_IN_SORTED.java:90 | gin.edit.modifynode.BinaryOperatorReplacement  quixbugs/faulty_programs/FIND_IN_SORTED.java:48 LESS -> GREATER | gin.edit.modifynode.BinaryOperatorReplacement  quixbugs/faulty_programs/FIND_IN_SORTED.java:48 LESS -> LESS_EQUALS | gin.edit.statement.CopyStatement quixbugs/faulty_programs/FIND_IN_SORTED.java:89 -> quixbugs/faulty_programs/FIND_IN_SORTED.java:27:28 |","true","false","1.560417","11.0","6.0"
"faulty_programs.FIND_IN_SORTED.faulty_programs.FIND_IN_SORTED.binsearch(int[],int,int,int)","| gin.edit.statement.SwapStatement quixbugs/faulty_programs/FIND_IN_SORTED.java:57 <-> quixbugs/faulty_programs/FIND_IN_SORTED.java:47 | gin.edit.statement.SwapStatement quixbugs/faulty_programs/FIND_IN_SORTED.java:20 <-> quixbugs/faulty_programs/FIND_IN_SORTED.java:27 | gin.edit.modifynode.SwapExpression quixbugs/faulty_programs/FIND_IN_SORTED.java:51 <-> quixbugs/faulty_programs/FIND_IN_SORTED.java:60 | gin.edit.statement.DeleteStatement quixbugs/faulty_programs/FIND_IN_SORTED.java:27 | gin.edit.modifynode.SwapExpression quixbugs/faulty_programs/FIND_IN_SORTED.java:52 <-> quixbugs/faulty_programs/FIND_IN_SORTED.java:66 | gin.edit.modifynode.BinaryOperatorReplacement  quixbugs/faulty_programs/FIND_IN_SORTED.java:41 MINUS -> SIGNED_RIGHT_SHIFT | gin.edit.modifynode.BinaryOperatorReplacement  quixbugs/faulty_programs/FIND_IN_SORTED.java:48 LESS -> LESS_EQUALS | gin.edit.modifynode.ReplaceExpression quixbugs/faulty_programs/FIND_IN_SORTED.java:40 -> quixbugs/faulty_programs/FIND_IN_SORTED.java:87 | gin.edit.modifynode.ReplaceExpression quixbugs/faulty_programs/FIND_IN_SORTED.java:54 -> quixbugs/faulty_programs/FIND_IN_SORTED.java:36 | gin.edit.statement.CopyStatement quixbugs/faulty_programs/FIND_IN_SORTED.java:56 -> quixbugs/faulty_programs/FIND_IN_SORTED.java:27:27 |","true","false","1.590337","11.0","6.0"
"faulty_programs.FIND_IN_SORTED.faulty_programs.FIND_IN_SORTED.binsearch(int[],int,int,int)","| gin.edit.modifynode.BinaryOperatorReplacement  quixbugs/faulty_programs/FIND_IN_SORTED.java:41 MINUS -> SIGNED_RIGHT_SHIFT | gin.edit.modifynode.BinaryOperatorReplacement  quixbugs/faulty_programs/FIND_IN_SORTED.java:48 LESS -> LESS_EQUALS | gin.edit.modifynode.SwapExpression quixbugs/faulty_programs/FIND_IN_SORTED.java:42 <-> quixbugs/faulty_programs/FIND_IN_SORTED.java:87 | gin.edit.statement.SwapStatement quixbugs/faulty_programs/FIND_IN_SORTED.java:20 <-> quixbugs/faulty_programs/FIND_IN_SORTED.java:27 | gin.edit.modifynode.SwapExpression quixbugs/faulty_programs/FIND_IN_SORTED.java:52 <-> quixbugs/faulty_programs/FIND_IN_SORTED.java:62 | gin.edit.modifynode.SwapExpression quixbugs/faulty_programs/FIND_IN_SORTED.java:29 <-> quixbugs/faulty_programs/FIND_IN_SORTED.java:75 | gin.edit.statement.SwapStatement quixbugs/faulty_programs/FIND_IN_SORTED.java:20 <-> quixbugs/faulty_programs/FIND_IN_SORTED.java:27 | gin.edit.statement.CopyStatement quixbugs/faulty_programs/FIND_IN_SORTED.java:27 -> quixbugs/faulty_programs/FIND_IN_SORTED.java:20:21 | gin.edit.statement.DeleteStatement quixbugs/faulty_programs/FIND_IN_SORTED.java:56 | gin.edit.modifynode.BinaryOperatorReplacement  quixbugs/faulty_programs/FIND_IN_SORTED.java:36 PLUS -> MULTIPLY |","true","false","1.464741","11.0","6.0"
"faulty_programs.FIND_IN_SORTED.faulty_programs.FIND_IN_SORTED.binsearch(int[],int,int,int)","| gin.edit.modifynode.SwapExpression quixbugs/faulty_programs/FIND_IN_SORTED.java:51 <-> quixbugs/faulty_programs/FIND_IN_SORTED.java:60 | gin.edit.statement.DeleteStatement quixbugs/faulty_programs/FIND_IN_SORTED.java:27 | gin.edit.modifynode.BinaryOperatorReplacement  quixbugs/faulty_programs/FIND_IN_SORTED.java:41 MINUS -> SIGNED_RIGHT_SHIFT | gin.edit.modifynode.BinaryOperatorReplacement  quixbugs/faulty_programs/FIND_IN_SORTED.java:48 LESS -> LESS_EQUALS | gin.edit.modifynode.BinaryOperatorReplacement  quixbugs/faulty_programs/FIND_IN_SORTED.java:41 MINUS -> SIGNED_RIGHT_SHIFT | gin.edit.modifynode.BinaryOperatorReplacement  quixbugs/faulty_programs/FIND_IN_SORTED.java:48 LESS -> LESS_EQUALS | gin.edit.modifynode.SwapExpression quixbugs/faulty_programs/FIND_IN_SORTED.java:42 <-> quixbugs/faulty_programs/FIND_IN_SORTED.java:87 | gin.edit.modifynode.SwapExpression quixbugs/faulty_programs/FIND_IN_SORTED.java:29 <-> quixbugs/faulty_programs/FIND_IN_SORTED.java:75 | gin.edit.statement.CopyStatement quixbugs/faulty_programs/FIND_IN_SORTED.java:68 -> quixbugs/faulty_programs/FIND_IN_SORTED.java:20:21 |","false","false","0.0","0.0","-5.0"
"faulty_programs.FIND_IN_SORTED.faulty_programs.FIND_IN_SORTED.binsearch(int[],int,int,int)","| gin.edit.modifynode.BinaryOperatorReplacement  quixbugs/faulty_programs/FIND_IN_SORTED.java:41 MINUS -> SIGNED_RIGHT_SHIFT | gin.edit.modifynode.BinaryOperatorReplacement  quixbugs/faulty_programs/FIND_IN_SORTED.java:48 LESS -> LESS_EQUALS | gin.edit.statement.SwapStatement quixbugs/faulty_programs/FIND_IN_SORTED.java:20 <-> quixbugs/faulty_programs/FIND_IN_SORTED.java:27 | gin.edit.modifynode.SwapExpression quixbugs/faulty_programs/FIND_IN_SORTED.java:52 <-> quixbugs/faulty_programs/FIND_IN_SORTED.java:62 | gin.edit.statement.SwapStatement quixbugs/faulty_programs/FIND_IN_SORTED.java:20 <-> quixbugs/faulty_programs/FIND_IN_SORTED.java:27 | gin.edit.modifynode.SwapExpression quixbugs/faulty_programs/FIND_IN_SORTED.java:51 <-> quixbugs/faulty_programs/FIND_IN_SORTED.java:60 | gin.edit.statement.DeleteStatement quixbugs/faulty_programs/FIND_IN_SORTED.java:27 | gin.edit.modifynode.BinaryOperatorReplacement  quixbugs/faulty_programs/FIND_IN_SORTED.java:41 MINUS -> SIGNED_RIGHT_SHIFT | gin.edit.modifynode.ReplaceExpression quixbugs/faulty_programs/FIND_IN_SORTED.java:54 -> quixbugs/faulty_programs/FIND_IN_SORTED.java:36 | gin.edit.statement.DeleteStatement quixbugs/faulty_programs/FIND_IN_SORTED.java:78 |","true","false","1.630021","11.0","6.0"
"faulty_programs.FIND_IN_SORTED.faulty_programs.FIND_IN_SORTED.binsearch(int[],int,int,int)","| gin.edit.modifynode.BinaryOperatorReplacement  quixbugs/faulty_programs/FIND_IN_SORTED.java:48 LESS -> GREATER | gin.edit.modifynode.BinaryOperatorReplacement  quixbugs/faulty_programs/FIND_IN_SORTED.java:48 LESS -> GREATER | gin.edit.modifynode.BinaryOperatorReplacement  quixbugs/faulty_programs/FIND_IN_SORTED.java:48 LESS -> LESS_EQUALS | gin.edit.statement.CopyStatement quixbugs/faulty_programs/FIND_IN_SORTED.java:21 -> quixbugs/faulty_programs/FIND_IN_SORTED.java:89:89 | gin.edit.modifynode.SwapExpression quixbugs/faulty_programs/FIND_IN_SORTED.java:54 <-> quixbugs/faulty_programs/FIND_IN_SORTED.java:91 | gin.edit.statement.ReplaceStatement quixbugs/faulty_programs/FIND_IN_SORTED.java:104 -> quixbugs/faulty_programs/FIND_IN_SORTED.java:27 |","true","false","9.748065","3.0","-2.0"
"faulty_programs.FIND_IN_SORTED.faulty_programs.FIND_IN_SORTED.binsearch(int[],int,int,int)","| gin.edit.modifynode.BinaryOperatorReplacement  quixbugs/faulty_programs/FIND_IN_SORTED.java:41 MINUS -> SIGNED_RIGHT_SHIFT | gin.edit.modifynode.ReplaceExpression quixbugs/faulty_programs/FIND_IN_SORTED.java:79 -> quixbugs/faulty_programs/FIND_IN_SORTED.java:49 | gin.edit.statement.SwapStatement quixbugs/faulty_programs/FIND_IN_SORTED.java:20 <-> quixbugs/faulty_programs/FIND_IN_SORTED.java:27 | gin.edit.statement.DeleteStatement quixbugs/faulty_programs/FIND_IN_SORTED.java:31 | gin.edit.modifynode.ReplaceExpression quixbugs/faulty_programs/FIND_IN_SORTED.java:46 -> quixbugs/faulty_programs/FIND_IN_SORTED.java:70 | gin.edit.modifynode.SwapExpression quixbugs/faulty_programs/FIND_IN_SORTED.java:66 <-> quixbugs/faulty_programs/FIND_IN_SORTED.java:85 |","true","false","1.642353","11.0","6.0"
"faulty_programs.FIND_IN_SORTED.faulty_programs.FIND_IN_SORTED.binsearch(int[],int,int,int)","| gin.edit.modifynode.BinaryOperatorReplacement  quixbugs/faulty_programs/FIND_IN_SORTED.java:48 LESS -> GREATER | gin.edit.modifynode.BinaryOperatorReplacement  quixbugs/faulty_programs/FIND_IN_SORTED.java:48 LESS -> GREATER | gin.edit.modifynode.BinaryOperatorReplacement  quixbugs/faulty_programs/FIND_IN_SORTED.java:48 LESS -> LESS_EQUALS | gin.edit.modifynode.BinaryOperatorReplacement  quixbugs/faulty_programs/FIND_IN_SORTED.java:41 MINUS -> SIGNED_RIGHT_SHIFT | gin.edit.statement.SwapStatement quixbugs/faulty_programs/FIND_IN_SORTED.java:20 <-> quixbugs/faulty_programs/FIND_IN_SORTED.java:27 | gin.edit.statement.CopyStatement quixbugs/faulty_programs/FIND_IN_SORTED.java:77 -> quixbugs/faulty_programs/FIND_IN_SORTED.java:56:57 |","true","false","1.579784","11.0","6.0"
"faulty_programs.FIND_IN_SORTED.faulty_programs.FIND_IN_SORTED.binsearch(int[],int,int,int)","| gin.edit.modifynode.BinaryOperatorReplacement  quixbugs/faulty_programs/FIND_IN_SORTED.java:41 MINUS -> SIGNED_RIGHT_SHIFT | gin.edit.statement.DeleteStatement quixbugs/faulty_programs/FIND_IN_SORTED.java:31 | gin.edit.modifynode.ReplaceExpression quixbugs/faulty_programs/FIND_IN_SORTED.java:46 -> quixbugs/faulty_programs/FIND_IN_SORTED.java:70 | gin.edit.modifynode.BinaryOperatorReplacement  quixbugs/faulty_programs/FIND_IN_SORTED.java:48 LESS -> GREATER | gin.edit.modifynode.BinaryOperatorReplacement  quixbugs/faulty_programs/FIND_IN_SORTED.java:22 EQUALS -> AND |","false","false","0.0","0.0","-5.0"
"faulty_programs.FIND_IN_SORTED.faulty_programs.FIND_IN_SORTED.binsearch(int[],int,int,int)","| gin.edit.statement.SwapStatement quixbugs/faulty_programs/FIND_IN_SORTED.java:20 <-> quixbugs/faulty_programs/FIND_IN_SORTED.java:27 | gin.edit.statement.ReplaceStatement quixbugs/faulty_programs/FIND_IN_SORTED.java:90 -> quixbugs/faulty_programs/FIND_IN_SORTED.java:89 | gin.edit.statement.DeleteStatement quixbugs/faulty_programs/FIND_IN_SORTED.java:31 | gin.edit.statement.DeleteStatement quixbugs/faulty_programs/FIND_IN_SORTED.java:31 | gin.edit.modifynode.UnaryOperatorReplacement  quixbugs/faulty_programs/FIND_IN_SORTED.java:29 MINUS -> LOGICAL_COMPLEMENT |","true","false","1.619912","11.0","6.0"
"faulty_programs.FIND_IN_SORTED.faulty_programs.FIND_IN_SORTED.binsearch(int[],int,int,int)","| gin.edit.modifynode.BinaryOperatorReplacement  quixbugs/faulty_programs/FIND_IN_SORTED.java:48 LESS -> GREATER | gin.edit.modifynode.BinaryOperatorReplacement  quixbugs/faulty_programs/FIND_IN_SORTED.java:41 MINUS -> SIGNED_RIGHT_SHIFT | gin.edit.modifynode.BinaryOperatorReplacement  quixbugs/faulty_programs/FIND_IN_SORTED.java:48 LESS -> LESS_EQUALS | gin.edit.modifynode.SwapExpression quixbugs/faulty_programs/FIND_IN_SORTED.java:42 <-> quixbugs/faulty_programs/FIND_IN_SORTED.java:87 | gin.edit.modifynode.ReplaceExpression quixbugs/faulty_programs/FIND_IN_SORTED.java:40 -> quixbugs/faulty_programs/FIND_IN_SORTED.java:87 | gin.edit.modifynode.SwapExpression quixbugs/faulty_programs/FIND_IN_SORTED.java:54 <-> quixbugs/faulty_programs/FIND_IN_SORTED.java:39 | gin.edit.statement.DeleteStatement quixbugs/faulty_programs/FIND_IN_SORTED.java:31 |","false","false","0.0","0.0","-5.0"
"faulty_programs.FIND_IN_SORTED.faulty_programs.FIND_IN_SORTED.binsearch(int[],int,int,int)","| gin.edit.statement.SwapStatement quixbugs/faulty_programs/FIND_IN_SORTED.java:20 <-> quixbugs/faulty_programs/FIND_IN_SORTED.java:27 | gin.edit.statement.ReplaceStatement quixbugs/faulty_programs/FIND_IN_SORTED.java:90 -> quixbugs/faulty_programs/FIND_IN_SORTED.java:89 | gin.edit.modifynode.BinaryOperatorReplacement  quixbugs/faulty_programs/FIND_IN_SORTED.java:48 LESS -> GREATER | gin.edit.modifynode.BinaryOperatorReplacement  quixbugs/faulty_programs/FIND_IN_SORTED.java:41 MINUS -> SIGNED_RIGHT_SHIFT | gin.edit.modifynode.BinaryOperatorReplacement  quixbugs/faulty_programs/FIND_IN_SORTED.java:48 LESS -> LESS_EQUALS | gin.edit.modifynode.ReplaceExpression quixbugs/faulty_programs/FIND_IN_SORTED.java:40 -> quixbugs/faulty_programs/FIND_IN_SORTED.java:87 | gin.edit.modifynode.SwapExpression quixbugs/faulty_programs/FIND_IN_SORTED.java:40 <-> quixbugs/faulty_programs/FIND_IN_SORTED.java:64 |","true","false","1.313584","11.0","6.0"
"faulty_programs.FIND_IN_SORTED.faulty_programs.FIND_IN_SORTED.binsearch(int[],int,int,int)","| gin.edit.modifynode.BinaryOperatorReplacement  quixbugs/faulty_programs/FIND_IN_SORTED.java:48 LESS -> GREATER | gin.edit.modifynode.BinaryOperatorReplacement  quixbugs/faulty_programs/FIND_IN_SORTED.java:48 LESS -> LESS_EQUALS | gin.edit.statement.SwapStatement quixbugs/faulty_programs/FIND_IN_SORTED.java:20 <-> quixbugs/faulty_programs/FIND_IN_SORTED.java:27 | gin.edit.statement.ReplaceStatement quixbugs/faulty_programs/FIND_IN_SORTED.java:90 -> quixbugs/faulty_programs/FIND_IN_SORTED.java:89 | gin.edit.statement.DeleteStatement quixbugs/faulty_programs/FIND_IN_SORTED.java:31 | gin.edit.statement.DeleteStatement quixbugs/faulty_programs/FIND_IN_SORTED.java:31 | gin.edit.statement.CopyStatement quixbugs/faulty_programs/FIND_IN_SORTED.java:56 -> quixbugs/faulty_programs/FIND_IN_SORTED.java:27:27 |","true","false","1.322907","11.0","6.0"
"faulty_programs.FIND_IN_SORTED.faulty_programs.FIND_IN_SORTED.binsearch(int[],int,int,int)","| gin.edit.statement.SwapStatement quixbugs/faulty_programs/FIND_IN_SORTED.java:57 <-> quixbugs/faulty_programs/FIND_IN_SORTED.java:47 | gin.edit.statement.SwapStatement quixbugs/faulty_programs/FIND_IN_SORTED.java:20 <-> quixbugs/faulty_programs/FIND_IN_SORTED.java:27 | gin.edit.statement.DeleteStatement quixbugs/faulty_programs/FIND_IN_SORTED.java:27 | gin.edit.statement.CopyStatement quixbugs/faulty_programs/FIND_IN_SORTED.java:28 -> quixbugs/faulty_programs/FIND_IN_SORTED.java:77:77 | gin.edit.statement.DeleteStatement quixbugs/faulty_programs/FIND_IN_SORTED.java:68 | gin.edit.statement.ReplaceStatement quixbugs/faulty_programs/FIND_IN_SORTED.java:47 -> quixbugs/faulty_programs/FIND_IN_SORTED.java:89 |","true","false","1.621769","11.0","6.0"
"faulty_programs.FIND_IN_SORTED.faulty_programs.FIND_IN_SORTED.binsearch(int[],int,int,int)","| gin.edit.modifynode.BinaryOperatorReplacement  quixbugs/faulty_programs/FIND_IN_SORTED.java:48 LESS -> GREATER | gin.edit.modifynode.BinaryOperatorReplacement  quixbugs/faulty_programs/FIND_IN_SORTED.java:41 MINUS -> SIGNED_RIGHT_SHIFT | gin.edit.modifynode.BinaryOperatorReplacement  quixbugs/faulty_programs/FIND_IN_SORTED.java:48 LESS -> LESS_EQUALS | gin.edit.modifynode.SwapExpression quixbugs/faulty_programs/FIND_IN_SORTED.java:42 <-> quixbugs/faulty_programs/FIND_IN_SORTED.java:87 | gin.edit.modifynode.ReplaceExpression quixbugs/faulty_programs/FIND_IN_SORTED.java:40 -> quixbugs/faulty_programs/FIND_IN_SORTED.java:87 | gin.edit.modifynode.SwapExpression quixbugs/faulty_programs/FIND_IN_SORTED.java:54 <-> quixbugs/faulty_programs/FIND_IN_SORTED.java:39 | gin.edit.statement.SwapStatement quixbugs/faulty_programs/FIND_IN_SORTED.java:47 <-> quixbugs/faulty_programs/FIND_IN_SORTED.java:20 |","true","false","0.0","0.0","-5.0"
"faulty_programs.FIND_IN_SORTED.faulty_programs.FIND_IN_SORTED.binsearch(int[],int,int,int)","| gin.edit.statement.DeleteStatement quixbugs/faulty_programs/FIND_IN_SORTED.java:27 | gin.edit.statement.CopyStatement quixbugs/faulty_programs/FIND_IN_SORTED.java:28 -> quixbugs/faulty_programs/FIND_IN_SORTED.java:77:77 | gin.edit.statement.DeleteStatement quixbugs/faulty_programs/FIND_IN_SORTED.java:68 | gin.edit.modifynode.BinaryOperatorReplacement  quixbugs/faulty_programs/FIND_IN_SORTED.java:41 MINUS -> SIGNED_RIGHT_SHIFT | gin.edit.modifynode.SwapExpression quixbugs/faulty_programs/FIND_IN_SORTED.java:42 <-> quixbugs/faulty_programs/FIND_IN_SORTED.java:87 | gin.edit.modifynode.SwapExpression quixbugs/faulty_programs/FIND_IN_SORTED.java:54 <-> quixbugs/faulty_programs/FIND_IN_SORTED.java:39 | gin.edit.statement.DeleteStatement quixbugs/faulty_programs/FIND_IN_SORTED.java:56 |","false","false","0.0","0.0","-5.0"
"faulty_programs.FIND_IN_SORTED.faulty_programs.FIND_IN_SORTED.binsearch(int[],int,int,int)","| gin.edit.statement.SwapStatement quixbugs/faulty_programs/FIND_IN_SORTED.java:20 <-> quixbugs/faulty_programs/FIND_IN_SORTED.java:27 | gin.edit.statement.DeleteStatement quixbugs/faulty_programs/FIND_IN_SORTED.java:68 | gin.edit.statement.DeleteStatement quixbugs/faulty_programs/FIND_IN_SORTED.java:31 |","true","false","1.655591","11.0","6.0"
"faulty_programs.FIND_IN_SORTED.faulty_programs.FIND_IN_SORTED.binsearch(int[],int,int,int)","| gin.edit.modifynode.BinaryOperatorReplacement  quixbugs/faulty_programs/FIND_IN_SORTED.java:41 MINUS -> SIGNED_RIGHT_SHIFT | gin.edit.modifynode.BinaryOperatorReplacement  quixbugs/faulty_programs/FIND_IN_SORTED.java:48 LESS -> LESS_EQUALS | gin.edit.modifynode.SwapExpression quixbugs/faulty_programs/FIND_IN_SORTED.java:42 <-> quixbugs/faulty_programs/FIND_IN_SORTED.java:87 | gin.edit.statement.SwapStatement quixbugs/faulty_programs/FIND_IN_SORTED.java:20 <-> quixbugs/faulty_programs/FIND_IN_SORTED.java:27 | gin.edit.modifynode.SwapExpression quixbugs/faulty_programs/FIND_IN_SORTED.java:52 <-> quixbugs/faulty_programs/FIND_IN_SORTED.java:62 | gin.edit.modifynode.SwapExpression quixbugs/faulty_programs/FIND_IN_SORTED.java:29 <-> quixbugs/faulty_programs/FIND_IN_SORTED.java:75 | gin.edit.statement.SwapStatement quixbugs/faulty_programs/FIND_IN_SORTED.java:20 <-> quixbugs/faulty_programs/FIND_IN_SORTED.java:27 | gin.edit.statement.CopyStatement quixbugs/faulty_programs/FIND_IN_SORTED.java:27 -> quixbugs/faulty_programs/FIND_IN_SORTED.java:20:21 | gin.edit.modifynode.BinaryOperatorReplacement  quixbugs/faulty_programs/FIND_IN_SORTED.java:36 PLUS -> LEFT_SHIFT | gin.edit.modifynode.SwapExpression quixbugs/faulty_programs/FIND_IN_SORTED.java:49 <-> quixbugs/faulty_programs/FIND_IN_SORTED.java:73 |","true","false","1.7202","11.0","6.0"
"faulty_programs.FIND_IN_SORTED.faulty_programs.FIND_IN_SORTED.binsearch(int[],int,int,int)","| gin.edit.statement.SwapStatement quixbugs/faulty_programs/FIND_IN_SORTED.java:20 <-> quixbugs/faulty_programs/FIND_IN_SORTED.java:27 | gin.edit.modifynode.UnaryOperatorReplacement  quixbugs/faulty_programs/FIND_IN_SORTED.java:29 MINUS -> PLUS | gin.edit.statement.CopyStatement quixbugs/faulty_programs/FIND_IN_SORTED.java:104 -> quixbugs/faulty_programs/FIND_IN_SORTED.java:27:27 | gin.edit.statement.ReplaceStatement quixbugs/faulty_programs/FIND_IN_SORTED.java:31 -> quixbugs/faulty_programs/FIND_IN_SORTED.java:89 | gin.edit.modifynode.BinaryOperatorReplacement  quixbugs/faulty_programs/FIND_IN_SORTED.java:39 DIVIDE -> SIGNED_RIGHT_SHIFT | gin.edit.modifynode.BinaryOperatorReplacement  quixbugs/faulty_programs/FIND_IN_SORTED.java:36 PLUS -> MULTIPLY |","true","false","1.454265","11.0","6.0"
"faulty_programs.FIND_IN_SORTED.faulty_programs.FIND_IN_SORTED.binsearch(int[],int,int,int)","| gin.edit.modifynode.BinaryOperatorReplacement  quixbugs/faulty_programs/FIND_IN_SORTED.java:41 MINUS -> SIGNED_RIGHT_SHIFT | gin.edit.modifynode.SwapExpression quixbugs/faulty_programs/FIND_IN_SORTED.java:42 <-> quixbugs/faulty_programs/FIND_IN_SORTED.java:87 | gin.edit.statement.SwapStatement quixbugs/faulty_programs/FIND_IN_SORTED.java:20 <-> quixbugs/faulty_programs/FIND_IN_SORTED.java:27 | gin.edit.modifynode.SwapExpression quixbugs/faulty_programs/FIND_IN_SORTED.java:52 <-> quixbugs/faulty_programs/FIND_IN_SORTED.java:62 | gin.edit.modifynode.SwapExpression quixbugs/faulty_programs/FIND_IN_SORTED.java:29 <-> quixbugs/faulty_programs/FIND_IN_SORTED.java:75 | gin.edit.statement.ReplaceStatement quixbugs/faulty_programs/FIND_IN_SORTED.java:31 -> quixbugs/faulty_programs/FIND_IN_SORTED.java:89 | gin.edit.modifynode.BinaryOperatorReplacement  quixbugs/faulty_programs/FIND_IN_SORTED.java:39 DIVIDE -> SIGNED_RIGHT_SHIFT | gin.edit.statement.CopyStatement quixbugs/faulty_programs/FIND_IN_SORTED.java:78 -> quixbugs/faulty_programs/FIND_IN_SORTED.java:89:89 |","true","false","1.315806","11.0","6.0"
"faulty_programs.FIND_IN_SORTED.faulty_programs.FIND_IN_SORTED.binsearch(int[],int,int,int)","| gin.edit.modifynode.UnaryOperatorReplacement  quixbugs/faulty_programs/FIND_IN_SORTED.java:29 MINUS -> PLUS | gin.edit.statement.ReplaceStatement quixbugs/faulty_programs/FIND_IN_SORTED.java:31 -> quixbugs/faulty_programs/FIND_IN_SORTED.java:89 | gin.edit.modifynode.BinaryOperatorReplacement  quixbugs/faulty_programs/FIND_IN_SORTED.java:41 MINUS -> SIGNED_RIGHT_SHIFT | gin.edit.modifynode.SwapExpression quixbugs/faulty_programs/FIND_IN_SORTED.java:29 <-> quixbugs/faulty_programs/FIND_IN_SORTED.java:75 | gin.edit.statement.CopyStatement quixbugs/faulty_programs/FIND_IN_SORTED.java:27 -> quixbugs/faulty_programs/FIND_IN_SORTED.java:20:21 | gin.edit.modifynode.SwapExpression quixbugs/faulty_programs/FIND_IN_SORTED.java:22 <-> quixbugs/faulty_programs/FIND_IN_SORTED.java:91 |","false","false","0.0","0.0","-5.0"
"faulty_programs.FIND_IN_SORTED.faulty_programs.FIND_IN_SORTED.binsearch(int[],int,int,int)","| gin.edit.statement.SwapStatement quixbugs/faulty_programs/FIND_IN_SORTED.java:57 <-> quixbugs/faulty_programs/FIND_IN_SORTED.java:47 | gin.edit.statement.SwapStatement quixbugs/faulty_programs/FIND_IN_SORTED.java:20 <-> quixbugs/faulty_programs/FIND_IN_SORTED.java:27 | gin.edit.modifynode.SwapExpression quixbugs/faulty_programs/FIND_IN_SORTED.java:51 <-> quixbugs/faulty_programs/FIND_IN_SORTED.java:60 | gin.edit.statement.DeleteStatement quixbugs/faulty_programs/FIND_IN_SORTED.java:27 | gin.edit.modifynode.SwapExpression quixbugs/faulty_programs/FIND_IN_SORTED.java:52 <-> quixbugs/faulty_programs/FIND_IN_SORTED.java:66 | gin.edit.modifynode.BinaryOperatorReplacement  quixbugs/faulty_programs/FIND_IN_SORTED.java:41 MINUS -> SIGNED_RIGHT_SHIFT | gin.edit.modifynode.BinaryOperatorReplacement  quixbugs/faulty_programs/FIND_IN_SORTED.java:48 LESS -> LESS_EQUALS | gin.edit.modifynode.ReplaceExpression quixbugs/faulty_programs/FIND_IN_SORTED.java:40 -> quixbugs/faulty_programs/FIND_IN_SORTED.java:87 | gin.edit.modifynode.ReplaceExpression quixbugs/faulty_programs/FIND_IN_SORTED.java:54 -> quixbugs/faulty_programs/FIND_IN_SORTED.java:36 | gin.edit.modifynode.BinaryOperatorReplacement  quixbugs/faulty_programs/FIND_IN_SORTED.java:69 GREATER -> LESS |","true","false","1.522932","11.0","6.0"
"faulty_programs.FIND_IN_SORTED.faulty_programs.FIND_IN_SORTED.binsearch(int[],int,int,int)","| gin.edit.modifynode.SwapExpression quixbugs/faulty_programs/FIND_IN_SORTED.java:42 <-> quixbugs/faulty_programs/FIND_IN_SORTED.java:87 | gin.edit.statement.SwapStatement quixbugs/faulty_programs/FIND_IN_SORTED.java:20 <-> quixbugs/faulty_programs/FIND_IN_SORTED.java:27 | gin.edit.modifynode.SwapExpression quixbugs/faulty_programs/FIND_IN_SORTED.java:29 <-> quixbugs/faulty_programs/FIND_IN_SORTED.java:75 | gin.edit.statement.SwapStatement quixbugs/faulty_programs/FIND_IN_SORTED.java:20 <-> quixbugs/faulty_programs/FIND_IN_SORTED.java:27 | gin.edit.modifynode.BinaryOperatorReplacement  quixbugs/faulty_programs/FIND_IN_SORTED.java:41 MINUS -> SIGNED_RIGHT_SHIFT | gin.edit.modifynode.BinaryOperatorReplacement  quixbugs/faulty_programs/FIND_IN_SORTED.java:48 LESS -> LESS_EQUALS | gin.edit.modifynode.BinaryOperatorReplacement  quixbugs/faulty_programs/FIND_IN_SORTED.java:69 GREATER -> LESS | gin.edit.modifynode.UnaryOperatorReplacement  quixbugs/faulty_programs/FIND_IN_SORTED.java:29 MINUS -> PLUS |","true","false","1.588413","11.0","6.0"
"faulty_programs.FIND_IN_SORTED.faulty_programs.FIND_IN_SORTED.binsearch(int[],int,int,int)","| gin.edit.statement.SwapStatement quixbugs/faulty_programs/FIND_IN_SORTED.java:20 <-> quixbugs/faulty_programs/FIND_IN_SORTED.java:27 | gin.edit.modifynode.SwapExpression quixbugs/faulty_programs/FIND_IN_SORTED.java:51 <-> quixbugs/faulty_programs/FIND_IN_SORTED.java:60 | gin.edit.statement.DeleteStatement quixbugs/faulty_programs/FIND_IN_SORTED.java:27 | gin.edit.modifynode.SwapExpression quixbugs/faulty_programs/FIND_IN_SORTED.java:52 <-> quixbugs/faulty_programs/FIND_IN_SORTED.java:66 | gin.edit.modifynode.BinaryOperatorReplacement  quixbugs/faulty_programs/FIND_IN_SORTED.java:41 MINUS -> SIGNED_RIGHT_SHIFT | gin.edit.modifynode.ReplaceExpression quixbugs/faulty_programs/FIND_IN_SORTED.java:54 -> quixbugs/faulty_programs/FIND_IN_SORTED.java:36 | gin.edit.modifynode.SwapExpression quixbugs/faulty_programs/FIND_IN_SORTED.java:42 <-> quixbugs/faulty_programs/FIND_IN_SORTED.java:87 | gin.edit.modifynode.SwapExpression quixbugs/faulty_programs/FIND_IN_SORTED.java:29 <-> quixbugs/faulty_programs/FIND_IN_SORTED.java:75 | gin.edit.modifynode.BinaryOperatorReplacement  quixbugs/faulty_programs/FIND_IN_SORTED.java:69 GREATER -> LESS | gin.edit.statement.ReplaceStatement quixbugs/faulty_programs/FIND_IN_SORTED.java:89 -> quixbugs/faulty_programs/FIND_IN_SORTED.java:21 |","true","false","1.728461","11.0","6.0"
"faulty_programs.FIND_IN_SORTED.faulty_programs.FIND_IN_SORTED.binsearch(int[],int,int,int)","| gin.edit.modifynode.SwapExpression quixbugs/faulty_programs/FIND_IN_SORTED.java:42 <-> quixbugs/faulty_programs/FIND_IN_SORTED.java:87 | gin.edit.statement.SwapStatement quixbugs/faulty_programs/FIND_IN_SORTED.java:20 <-> quixbugs/faulty_programs/FIND_IN_SORTED.java:27 | gin.edit.statement.SwapStatement quixbugs/faulty_programs/FIND_IN_SORTED.java:20 <-> quixbugs/faulty_programs/FIND_IN_SORTED.java:27 | gin.edit.modifynode.BinaryOperatorReplacement  quixbugs/faulty_programs/FIND_IN_SORTED.java:41 MINUS -> SIGNED_RIGHT_SHIFT | gin.edit.modifynode.BinaryOperatorReplacement  quixbugs/faulty_programs/FIND_IN_SORTED.java:48 LESS -> LESS_EQUALS | gin.edit.statement.SwapStatement quixbugs/faulty_programs/FIND_IN_SORTED.java:20 <-> quixbugs/faulty_programs/FIND_IN_SORTED.java:27 | gin.edit.modifynode.SwapExpression quixbugs/faulty_programs/FIND_IN_SORTED.java:51 <-> quixbugs/faulty_programs/FIND_IN_SORTED.java:60 | gin.edit.statement.DeleteStatement quixbugs/faulty_programs/FIND_IN_SORTED.java:27 | gin.edit.modifynode.SwapExpression quixbugs/faulty_programs/FIND_IN_SORTED.java:52 <-> quixbugs/faulty_programs/FIND_IN_SORTED.java:66 | gin.edit.modifynode.BinaryOperatorReplacement  quixbugs/faulty_programs/FIND_IN_SORTED.java:48 LESS -> LESS_EQUALS | gin.edit.modifynode.ReplaceExpression quixbugs/faulty_programs/FIND_IN_SORTED.java:40 -> quixbugs/faulty_programs/FIND_IN_SORTED.java:87 | gin.edit.modifynode.BinaryOperatorReplacement  quixbugs/faulty_programs/FIND_IN_SORTED.java:22 EQUALS -> LESS_EQUALS |","true","false","1.6507","11.0","6.0"
"faulty_programs.FIND_IN_SORTED.faulty_programs.FIND_IN_SORTED.binsearch(int[],int,int,int)","| gin.edit.statement.SwapStatement quixbugs/faulty_programs/FIND_IN_SORTED.java:57 <-> quixbugs/faulty_programs/FIND_IN_SORTED.java:47 | gin.edit.statement.SwapStatement quixbugs/faulty_programs/FIND_IN_SORTED.java:20 <-> quixbugs/faulty_programs/FIND_IN_SORTED.java:27 | gin.edit.modifynode.SwapExpression quixbugs/faulty_programs/FIND_IN_SORTED.java:51 <-> quixbugs/faulty_programs/FIND_IN_SORTED.java:60 | gin.edit.statement.DeleteStatement quixbugs/faulty_programs/FIND_IN_SORTED.java:27 | gin.edit.modifynode.SwapExpression quixbugs/faulty_programs/FIND_IN_SORTED.java:52 <-> quixbugs/faulty_programs/FIND_IN_SORTED.java:66 | gin.edit.modifynode.BinaryOperatorReplacement  quixbugs/faulty_programs/FIND_IN_SORTED.java:41 MINUS -> SIGNED_RIGHT_SHIFT | gin.edit.modifynode.BinaryOperatorReplacement  quixbugs/faulty_programs/FIND_IN_SORTED.java:48 LESS -> LESS_EQUALS | gin.edit.modifynode.ReplaceExpression quixbugs/faulty_programs/FIND_IN_SORTED.java:40 -> quixbugs/faulty_programs/FIND_IN_SORTED.java:87 | gin.edit.modifynode.ReplaceExpression quixbugs/faulty_programs/FIND_IN_SORTED.java:54 -> quixbugs/faulty_programs/FIND_IN_SORTED.java:36 | gin.edit.statement.DeleteStatement quixbugs/faulty_programs/FIND_IN_SORTED.java:78 | gin.edit.statement.DeleteStatement quixbugs/faulty_programs/FIND_IN_SORTED.java:68 |","true","false","1.677296","11.0","6.0"
"faulty_programs.FIND_IN_SORTED.faulty_programs.FIND_IN_SORTED.binsearch(int[],int,int,int)","| gin.edit.modifynode.BinaryOperatorReplacement  quixbugs/faulty_programs/FIND_IN_SORTED.java:48 LESS -> GREATER | gin.edit.modifynode.BinaryOperatorReplacement  quixbugs/faulty_programs/FIND_IN_SORTED.java:41 MINUS -> SIGNED_RIGHT_SHIFT | gin.edit.modifynode.BinaryOperatorReplacement  quixbugs/faulty_programs/FIND_IN_SORTED.java:48 LESS -> LESS_EQUALS | gin.edit.modifynode.SwapExpression quixbugs/faulty_programs/FIND_IN_SORTED.java:42 <-> quixbugs/faulty_programs/FIND_IN_SORTED.java:87 | gin.edit.modifynode.ReplaceExpression quixbugs/faulty_programs/FIND_IN_SORTED.java:40 -> quixbugs/faulty_programs/FIND_IN_SORTED.java:87 | gin.edit.modifynode.SwapExpression quixbugs/faulty_programs/FIND_IN_SORTED.java:54 <-> quixbugs/faulty_programs/FIND_IN_SORTED.java:39 | gin.edit.modifynode.ReplaceExpression quixbugs/faulty_programs/FIND_IN_SORTED.java:73 -> quixbugs/faulty_programs/FIND_IN_SORTED.java:44 | gin.edit.statement.DeleteStatement quixbugs/faulty_programs/FIND_IN_SORTED.java:21 |","true","false","8.947769","3.0","-2.0"
"faulty_programs.FIND_IN_SORTED.faulty_programs.FIND_IN_SORTED.binsearch(int[],int,int,int)","| gin.edit.statement.SwapStatement quixbugs/faulty_programs/FIND_IN_SORTED.java:20 <-> quixbugs/faulty_programs/FIND_IN_SORTED.java:27 | gin.edit.statement.DeleteStatement quixbugs/faulty_programs/FIND_IN_SORTED.java:78 | gin.edit.modifynode.SwapExpression quixbugs/faulty_programs/FIND_IN_SORTED.java:42 <-> quixbugs/faulty_programs/FIND_IN_SORTED.java:87 | gin.edit.statement.SwapStatement quixbugs/faulty_programs/FIND_IN_SORTED.java:90 <-> quixbugs/faulty_programs/FIND_IN_SORTED.java:90 |","true","false","1.696152","11.0","6.0"
"faulty_programs.FIND_IN_SORTED.faulty_programs.FIND_IN_SORTED.binsearch(int[],int,int,int)","| gin.edit.modifynode.BinaryOperatorReplacement  quixbugs/faulty_programs/FIND_IN_SORTED.java:48 LESS -> GREATER | gin.edit.modifynode.BinaryOperatorReplacement  quixbugs/faulty_programs/FIND_IN_SORTED.java:41 MINUS -> SIGNED_RIGHT_SHIFT | gin.edit.modifynode.BinaryOperatorReplacement  quixbugs/faulty_programs/FIND_IN_SORTED.java:48 LESS -> LESS_EQUALS | gin.edit.modifynode.SwapExpression quixbugs/faulty_programs/FIND_IN_SORTED.java:42 <-> quixbugs/faulty_programs/FIND_IN_SORTED.java:87 | gin.edit.statement.SwapStatement quixbugs/faulty_programs/FIND_IN_SORTED.java:20 <-> quixbugs/faulty_programs/FIND_IN_SORTED.java:27 | gin.edit.statement.DeleteStatement quixbugs/faulty_programs/FIND_IN_SORTED.java:27 | gin.edit.modifynode.BinaryOperatorReplacement  quixbugs/faulty_programs/FIND_IN_SORTED.java:48 LESS -> LESS_EQUALS | gin.edit.modifynode.ReplaceExpression quixbugs/faulty_programs/FIND_IN_SORTED.java:40 -> quixbugs/faulty_programs/FIND_IN_SORTED.java:87 | gin.edit.modifynode.ReplaceExpression quixbugs/faulty_programs/FIND_IN_SORTED.java:54 -> quixbugs/faulty_programs/FIND_IN_SORTED.java:36 | gin.edit.statement.DeleteStatement quixbugs/faulty_programs/FIND_IN_SORTED.java:78 | gin.edit.statement.SwapStatement quixbugs/faulty_programs/FIND_IN_SORTED.java:20 <-> quixbugs/faulty_programs/FIND_IN_SORTED.java:47 |","true","false","1.536294","11.0","6.0"
"faulty_programs.FIND_IN_SORTED.faulty_programs.FIND_IN_SORTED.binsearch(int[],int,int,int)","| gin.edit.modifynode.BinaryOperatorReplacement  quixbugs/faulty_programs/FIND_IN_SORTED.java:41 MINUS -> SIGNED_RIGHT_SHIFT | gin.edit.modifynode.ReplaceExpression quixbugs/faulty_programs/FIND_IN_SORTED.java:79 -> quixbugs/faulty_programs/FIND_IN_SORTED.java:49 | gin.edit.statement.SwapStatement quixbugs/faulty_programs/FIND_IN_SORTED.java:20 <-> quixbugs/faulty_programs/FIND_IN_SORTED.java:27 | gin.edit.statement.DeleteStatement quixbugs/faulty_programs/FIND_IN_SORTED.java:31 | gin.edit.modifynode.ReplaceExpression quixbugs/faulty_programs/FIND_IN_SORTED.java:46 -> quixbugs/faulty_programs/FIND_IN_SORTED.java:70 | gin.edit.modifynode.SwapExpression quixbugs/faulty_programs/FIND_IN_SORTED.java:66 <-> quixbugs/faulty_programs/FIND_IN_SORTED.java:85 | gin.edit.statement.CopyStatement quixbugs/faulty_programs/FIND_IN_SORTED.java:77 -> quixbugs/faulty_programs/FIND_IN_SORTED.java:27:28 |","true","false","1.387383","11.0","6.0"
"faulty_programs.FIND_IN_SORTED.faulty_programs.FIND_IN_SORTED.binsearch(int[],int,int,int)","| gin.edit.statement.SwapStatement quixbugs/faulty_programs/FIND_IN_SORTED.java:20 <-> quixbugs/faulty_programs/FIND_IN_SORTED.java:27 | gin.edit.statement.DeleteStatement quixbugs/faulty_programs/FIND_IN_SORTED.java:68 | gin.edit.statement.DeleteStatement quixbugs/faulty_programs/FIND_IN_SORTED.java:31 | gin.edit.modifynode.SwapExpression quixbugs/faulty_programs/FIND_IN_SORTED.java:48 <-> quixbugs/faulty_programs/FIND_IN_SORTED.java:54 |","true","false","1.604411","11.0","6.0"
"faulty_programs.FIND_IN_SORTED.faulty_programs.FIND_IN_SORTED.binsearch(int[],int,int,int)","| gin.edit.modifynode.BinaryOperatorReplacement  quixbugs/faulty_programs/FIND_IN_SORTED.java:41 MINUS -> SIGNED_RIGHT_SHIFT | gin.edit.statement.SwapStatement quixbugs/faulty_programs/FIND_IN_SORTED.java:20 <-> quixbugs/faulty_programs/FIND_IN_SORTED.java:27 | gin.edit.modifynode.ReplaceExpression quixbugs/faulty_programs/FIND_IN_SORTED.java:46 -> quixbugs/faulty_programs/FIND_IN_SORTED.java:70 | gin.edit.modifynode.SwapExpression quixbugs/faulty_programs/FIND_IN_SORTED.java:66 <-> quixbugs/faulty_programs/FIND_IN_SORTED.java:85 | gin.edit.statement.SwapStatement quixbugs/faulty_programs/FIND_IN_SORTED.java:20 <-> quixbugs/faulty_programs/FIND_IN_SORTED.java:27 | gin.edit.statement.DeleteStatement quixbugs/faulty_programs/FIND_IN_SORTED.java:31 | gin.edit.statement.DeleteStatement quixbugs/faulty_programs/FIND_IN_SORTED.java:27 |","true","false","1.796892","11.0","6.0"
"faulty_programs.FIND_IN_SORTED.faulty_programs.FIND_IN_SORTED.binsearch(int[],int,int,int)","| gin.edit.statement.SwapStatement quixbugs/faulty_programs/FIND_IN_SORTED.java:20 <-> quixbugs/faulty_programs/FIND_IN_SORTED.java:27 | gin.edit.statement.DeleteStatement quixbugs/faulty_programs/FIND_IN_SORTED.java:31 | gin.edit.modifynode.SwapExpression quixbugs/faulty_programs/FIND_IN_SORTED.java:66 <-> quixbugs/faulty_programs/FIND_IN_SORTED.java:85 | gin.edit.modifynode.ReplaceExpression quixbugs/faulty_programs/FIND_IN_SORTED.java:42 -> quixbugs/faulty_programs/FIND_IN_SORTED.java:72 |","true","false","1.633463","11.0","6.0"
"faulty_programs.FIND_IN_SORTED.faulty_programs.FIND_IN_SORTED.binsearch(int[],int,int,int)","| gin.edit.statement.SwapStatement quixbugs/faulty_programs/FIND_IN_SORTED.java:57 <-> quixbugs/faulty_programs/FIND_IN_SORTED.java:47 | gin.edit.statement.SwapStatement quixbugs/faulty_programs/FIND_IN_SORTED.java:20 <-> quixbugs/faulty_programs/FIND_IN_SORTED.java:27 | gin.edit.modifynode.SwapExpression quixbugs/faulty_programs/FIND_IN_SORTED.java:51 <-> quixbugs/faulty_programs/FIND_IN_SORTED.java:60 | gin.edit.modifynode.BinaryOperatorReplacement  quixbugs/faulty_programs/FIND_IN_SORTED.java:41 MINUS -> SIGNED_RIGHT_SHIFT | gin.edit.modifynode.BinaryOperatorReplacement  quixbugs/faulty_programs/FIND_IN_SORTED.java:48 LESS -> LESS_EQUALS | gin.edit.modifynode.ReplaceExpression quixbugs/faulty_programs/FIND_IN_SORTED.java:54 -> quixbugs/faulty_programs/FIND_IN_SORTED.java:36 | gin.edit.modifynode.BinaryOperatorReplacement  quixbugs/faulty_programs/FIND_IN_SORTED.java:48 LESS -> GREATER | gin.edit.modifynode.BinaryOperatorReplacement  quixbugs/faulty_programs/FIND_IN_SORTED.java:48 LESS -> GREATER | gin.edit.modifynode.UnaryOperatorReplacement  quixbugs/faulty_programs/FIND_IN_SORTED.java:29 MINUS -> BITWISE_COMPLEMENT | gin.edit.statement.SwapStatement quixbugs/faulty_programs/FIND_IN_SORTED.java:21 <-> quixbugs/faulty_programs/FIND_IN_SORTED.java:21 | gin.edit.statement.SwapStatement quixbugs/faulty_programs/FIND_IN_SORTED.java:56 <-> quixbugs/faulty_programs/FIND_IN_SORTED.java:20 | gin.edit.modifynode.UnaryOperatorReplacement  quixbugs/faulty_programs/FIND_IN_SORTED.java:29 MINUS -> BITWISE_COMPLEMENT |","true","false","1.353797","11.0","6.0"
"faulty_programs.FIND_IN_SORTED.faulty_programs.FIND_IN_SORTED.binsearch(int[],int,int,int)","| gin.edit.statement.SwapStatement quixbugs/faulty_programs/FIND_IN_SORTED.java:57 <-> quixbugs/faulty_programs/FIND_IN_SORTED.java:47 | gin.edit.statement.SwapStatement quixbugs/faulty_programs/FIND_IN_SORTED.java:20 <-> quixbugs/faulty_programs/FIND_IN_SORTED.java:27 | gin.edit.statement.DeleteStatement quixbugs/faulty_programs/FIND_IN_SORTED.java:27 | gin.edit.statement.CopyStatement quixbugs/faulty_programs/FIND_IN_SORTED.java:28 -> quixbugs/faulty_programs/FIND_IN_SORTED.java:77:77 | gin.edit.statement.DeleteStatement quixbugs/faulty_programs/FIND_IN_SORTED.java:68 | gin.edit.statement.ReplaceStatement quixbugs/faulty_programs/FIND_IN_SORTED.java:47 -> quixbugs/faulty_programs/FIND_IN_SORTED.java:89 | gin.edit.modifynode.ReplaceExpression quixbugs/faulty_programs/FIND_IN_SORTED.java:83 -> quixbugs/faulty_programs/FIND_IN_SORTED.java:48 |","true","false","1.703345","11.0","6.0"
"faulty_programs.FIND_IN_SORTED.faulty_programs.FIND_IN_SORTED.binsearch(int[],int,int,int)","| gin.edit.modifynode.SwapExpression quixbugs/faulty_programs/FIND_IN_SORTED.java:51 <-> quixbugs/faulty_programs/FIND_IN_SORTED.java:60 | gin.edit.modifynode.BinaryOperatorReplacement  quixbugs/faulty_programs/FIND_IN_SORTED.java:48 LESS -> LESS_EQUALS | gin.edit.modifynode.ReplaceExpression quixbugs/faulty_programs/FIND_IN_SORTED.java:54 -> quixbugs/faulty_programs/FIND_IN_SORTED.java:36 | gin.edit.modifynode.UnaryOperatorReplacement  quixbugs/faulty_programs/FIND_IN_SORTED.java:29 MINUS -> BITWISE_COMPLEMENT | gin.edit.statement.DeleteStatement quixbugs/faulty_programs/FIND_IN_SORTED.java:68 | gin.edit.statement.ReplaceStatement quixbugs/faulty_programs/FIND_IN_SORTED.java:47 -> quixbugs/faulty_programs/FIND_IN_SORTED.java:89 | gin.edit.statement.CopyStatement quixbugs/faulty_programs/FIND_IN_SORTED.java:103 -> quixbugs/faulty_programs/FIND_IN_SORTED.java:20:20 |","false","false","0.0","0.0","-5.0"
"faulty_programs.FIND_IN_SORTED.faulty_programs.FIND_IN_SORTED.binsearch(int[],int,int,int)","| gin.edit.statement.SwapStatement quixbugs/faulty_programs/FIND_IN_SORTED.java:57 <-> quixbugs/faulty_programs/FIND_IN_SORTED.java:47 | gin.edit.statement.CopyStatement quixbugs/faulty_programs/FIND_IN_SORTED.java:28 -> quixbugs/faulty_programs/FIND_IN_SORTED.java:77:77 | gin.edit.statement.SwapStatement quixbugs/faulty_programs/FIND_IN_SORTED.java:57 <-> quixbugs/faulty_programs/FIND_IN_SORTED.java:47 | gin.edit.modifynode.SwapExpression quixbugs/faulty_programs/FIND_IN_SORTED.java:51 <-> quixbugs/faulty_programs/FIND_IN_SORTED.java:60 | gin.edit.modifynode.BinaryOperatorReplacement  quixbugs/faulty_programs/FIND_IN_SORTED.java:41 MINUS -> SIGNED_RIGHT_SHIFT | gin.edit.statement.SwapStatement quixbugs/faulty_programs/FIND_IN_SORTED.java:56 <-> quixbugs/faulty_programs/FIND_IN_SORTED.java:20 | gin.edit.modifynode.SwapExpression quixbugs/faulty_programs/FIND_IN_SORTED.java:73 <-> quixbugs/faulty_programs/FIND_IN_SORTED.java:46 |","true","false","1.341816","11.0","6.0"
"faulty_programs.FIND_IN_SORTED.faulty_programs.FIND_IN_SORTED.binsearch(int[],int,int,int)","| gin.edit.modifynode.BinaryOperatorReplacement  quixbugs/faulty_programs/FIND_IN_SORTED.java:48 LESS -> GREATER | gin.edit.modifynode.BinaryOperatorReplacement  quixbugs/faulty_programs/FIND_IN_SORTED.java:48 LESS -> LESS_EQUALS | gin.edit.statement.CopyStatement quixbugs/faulty_programs/FIND_IN_SORTED.java:21 -> quixbugs/faulty_programs/FIND_IN_SORTED.java:89:89 | gin.edit.modifynode.SwapExpression quixbugs/faulty_programs/FIND_IN_SORTED.java:54 <-> quixbugs/faulty_programs/FIND_IN_SORTED.java:91 | gin.edit.statement.SwapStatement quixbugs/faulty_programs/FIND_IN_SORTED.java:20 <-> quixbugs/faulty_programs/FIND_IN_SORTED.java:27 | gin.edit.statement.SwapStatement quixbugs/faulty_programs/FIND_IN_SORTED.java:20 <-> quixbugs/faulty_programs/FIND_IN_SORTED.java:27 | gin.edit.statement.DeleteStatement quixbugs/faulty_programs/FIND_IN_SORTED.java:90 | gin.edit.statement.DeleteStatement quixbugs/faulty_programs/FIND_IN_SORTED.java:56 | gin.edit.statement.CopyStatement quixbugs/faulty_programs/FIND_IN_SORTED.java:57 -> quixbugs/faulty_programs/FIND_IN_SORTED.java:77:78 |","true","false","1.378062","11.0","6.0"
"faulty_programs.FIND_IN_SORTED.faulty_programs.FIND_IN_SORTED.binsearch(int[],int,int,int)","| gin.edit.modifynode.BinaryOperatorReplacement  quixbugs/faulty_programs/FIND_IN_SORTED.java:48 LESS -> GREATER | gin.edit.modifynode.BinaryOperatorReplacement  quixbugs/faulty_programs/FIND_IN_SORTED.java:48 LESS -> LESS_EQUALS | gin.edit.statement.SwapStatement quixbugs/faulty_programs/FIND_IN_SORTED.java:20 <-> quixbugs/faulty_programs/FIND_IN_SORTED.java:27 | gin.edit.statement.ReplaceStatement quixbugs/faulty_programs/FIND_IN_SORTED.java:90 -> quixbugs/faulty_programs/FIND_IN_SORTED.java:89 | gin.edit.statement.DeleteStatement quixbugs/faulty_programs/FIND_IN_SORTED.java:31 | gin.edit.statement.DeleteStatement quixbugs/faulty_programs/FIND_IN_SORTED.java:31 | gin.edit.statement.CopyStatement quixbugs/faulty_programs/FIND_IN_SORTED.java:56 -> quixbugs/faulty_programs/FIND_IN_SORTED.java:27:27 | gin.edit.statement.CopyStatement quixbugs/faulty_programs/FIND_IN_SORTED.java:47 -> quixbugs/faulty_programs/FIND_IN_SORTED.java:56:57 |","true","false","1.365903","11.0","6.0"
"faulty_programs.FIND_IN_SORTED.faulty_programs.FIND_IN_SORTED.binsearch(int[],int,int,int)","| gin.edit.statement.CopyStatement quixbugs/faulty_programs/FIND_IN_SORTED.java:21 -> quixbugs/faulty_programs/FIND_IN_SORTED.java:89:89 | gin.edit.statement.DeleteStatement quixbugs/faulty_programs/FIND_IN_SORTED.java:90 | gin.edit.statement.DeleteStatement quixbugs/faulty_programs/FIND_IN_SORTED.java:56 | gin.edit.modifynode.BinaryOperatorReplacement  quixbugs/faulty_programs/FIND_IN_SORTED.java:48 LESS -> GREATER | gin.edit.modifynode.BinaryOperatorReplacement  quixbugs/faulty_programs/FIND_IN_SORTED.java:48 LESS -> LESS_EQUALS | gin.edit.statement.SwapStatement quixbugs/faulty_programs/FIND_IN_SORTED.java:20 <-> quixbugs/faulty_programs/FIND_IN_SORTED.java:27 | gin.edit.statement.DeleteStatement quixbugs/faulty_programs/FIND_IN_SORTED.java:31 | gin.edit.statement.SwapStatement quixbugs/faulty_programs/FIND_IN_SORTED.java:57 <-> quixbugs/faulty_programs/FIND_IN_SORTED.java:31 |","true","false","0.0","0.0","-5.0"
"faulty_programs.FIND_IN_SORTED.faulty_programs.FIND_IN_SORTED.binsearch(int[],int,int,int)","| gin.edit.modifynode.BinaryOperatorReplacement  quixbugs/faulty_programs/FIND_IN_SORTED.java:48 LESS -> GREATER | gin.edit.modifynode.BinaryOperatorReplacement  quixbugs/faulty_programs/FIND_IN_SORTED.java:48 LESS -> LESS_EQUALS | gin.edit.statement.SwapStatement quixbugs/faulty_programs/FIND_IN_SORTED.java:20 <-> quixbugs/faulty_programs/FIND_IN_SORTED.java:27 | gin.edit.statement.ReplaceStatement quixbugs/faulty_programs/FIND_IN_SORTED.java:90 -> quixbugs/faulty_programs/FIND_IN_SORTED.java:89 | gin.edit.statement.DeleteStatement quixbugs/faulty_programs/FIND_IN_SORTED.java:31 | gin.edit.statement.DeleteStatement quixbugs/faulty_programs/FIND_IN_SORTED.java:31 | gin.edit.statement.CopyStatement quixbugs/faulty_programs/FIND_IN_SORTED.java:56 -> quixbugs/faulty_programs/FIND_IN_SORTED.java:27:27 | gin.edit.modifynode.BinaryOperatorReplacement  quixbugs/faulty_programs/FIND_IN_SORTED.java:48 LESS -> GREATER | gin.edit.statement.CopyStatement quixbugs/faulty_programs/FIND_IN_SORTED.java:21 -> quixbugs/faulty_programs/FIND_IN_SORTED.java:89:89 | gin.edit.statement.SwapStatement quixbugs/faulty_programs/FIND_IN_SORTED.java:20 <-> quixbugs/faulty_programs/FIND_IN_SORTED.java:27 | gin.edit.statement.DeleteStatement quixbugs/faulty_programs/FIND_IN_SORTED.java:56 | gin.edit.statement.SwapStatement quixbugs/faulty_programs/FIND_IN_SORTED.java:20 <-> quixbugs/faulty_programs/FIND_IN_SORTED.java:31 |","true","false","1.707197","11.0","6.0"
"faulty_programs.FIND_IN_SORTED.faulty_programs.FIND_IN_SORTED.binsearch(int[],int,int,int)","| gin.edit.modifynode.BinaryOperatorReplacement  quixbugs/faulty_programs/FIND_IN_SORTED.java:48 LESS -> GREATER | gin.edit.modifynode.BinaryOperatorReplacement  quixbugs/faulty_programs/FIND_IN_SORTED.java:48 LESS -> LESS_EQUALS | gin.edit.statement.CopyStatement quixbugs/faulty_programs/FIND_IN_SORTED.java:21 -> quixbugs/faulty_programs/FIND_IN_SORTED.java:89:89 | gin.edit.modifynode.SwapExpression quixbugs/faulty_programs/FIND_IN_SORTED.java:54 <-> quixbugs/faulty_programs/FIND_IN_SORTED.java:91 | gin.edit.statement.SwapStatement quixbugs/faulty_programs/FIND_IN_SORTED.java:20 <-> quixbugs/faulty_programs/FIND_IN_SORTED.java:27 | gin.edit.statement.SwapStatement quixbugs/faulty_programs/FIND_IN_SORTED.java:20 <-> quixbugs/faulty_programs/FIND_IN_SORTED.java:27 | gin.edit.statement.DeleteStatement quixbugs/faulty_programs/FIND_IN_SORTED.java:90 | gin.edit.statement.DeleteStatement quixbugs/faulty_programs/FIND_IN_SORTED.java:56 | gin.edit.statement.ReplaceStatement quixbugs/faulty_programs/FIND_IN_SORTED.java:78 -> quixbugs/faulty_programs/FIND_IN_SORTED.java:77 |","true","false","1.412485","11.0","6.0"
"faulty_programs.FIND_IN_SORTED.faulty_programs.FIND_IN_SORTED.binsearch(int[],int,int,int)","| gin.edit.modifynode.SwapExpression quixbugs/faulty_programs/FIND_IN_SORTED.java:42 <-> quixbugs/faulty_programs/FIND_IN_SORTED.java:87 | gin.edit.statement.SwapStatement quixbugs/faulty_programs/FIND_IN_SORTED.java:20 <-> quixbugs/faulty_programs/FIND_IN_SORTED.java:27 | gin.edit.modifynode.SwapExpression quixbugs/faulty_programs/FIND_IN_SORTED.java:29 <-> quixbugs/faulty_programs/FIND_IN_SORTED.java:75 | gin.edit.statement.SwapStatement quixbugs/faulty_programs/FIND_IN_SORTED.java:20 <-> quixbugs/faulty_programs/FIND_IN_SORTED.java:27 | gin.edit.modifynode.BinaryOperatorReplacement  quixbugs/faulty_programs/FIND_IN_SORTED.java:41 MINUS -> SIGNED_RIGHT_SHIFT | gin.edit.modifynode.BinaryOperatorReplacement  quixbugs/faulty_programs/FIND_IN_SORTED.java:48 LESS -> LESS_EQUALS | gin.edit.modifynode.BinaryOperatorReplacement  quixbugs/faulty_programs/FIND_IN_SORTED.java:69 GREATER -> LESS | gin.edit.modifynode.UnaryOperatorReplacement  quixbugs/faulty_programs/FIND_IN_SORTED.java:29 MINUS -> PLUS | gin.edit.modifynode.UnaryOperatorReplacement  quixbugs/faulty_programs/FIND_IN_SORTED.java:29 MINUS -> BITWISE_COMPLEMENT |","true","false","14.255221","11.0","6.0"
"faulty_programs.FIND_IN_SORTED.faulty_programs.FIND_IN_SORTED.binsearch(int[],int,int,int)","| gin.edit.modifynode.BinaryOperatorReplacement  quixbugs/faulty_programs/FIND_IN_SORTED.java:48 LESS -> GREATER | gin.edit.statement.CopyStatement quixbugs/faulty_programs/FIND_IN_SORTED.java:21 -> quixbugs/faulty_programs/FIND_IN_SORTED.java:89:89 | gin.edit.statement.DeleteStatement quixbugs/faulty_programs/FIND_IN_SORTED.java:90 | gin.edit.statement.SwapStatement quixbugs/faulty_programs/FIND_IN_SORTED.java:20 <-> quixbugs/faulty_programs/FIND_IN_SORTED.java:27 | gin.edit.modifynode.SwapExpression quixbugs/faulty_programs/FIND_IN_SORTED.java:29 <-> quixbugs/faulty_programs/FIND_IN_SORTED.java:75 | gin.edit.modifynode.BinaryOperatorReplacement  quixbugs/faulty_programs/FIND_IN_SORTED.java:48 LESS -> LESS_EQUALS | gin.edit.modifynode.BinaryOperatorReplacement  quixbugs/faulty_programs/FIND_IN_SORTED.java:69 GREATER -> LESS | gin.edit.modifynode.UnaryOperatorReplacement  quixbugs/faulty_programs/FIND_IN_SORTED.java:29 MINUS -> PLUS | gin.edit.modifynode.UnaryOperatorReplacement  quixbugs/faulty_programs/FIND_IN_SORTED.java:29 MINUS -> BITWISE_COMPLEMENT |","true","false","1.331511","11.0","6.0"
"faulty_programs.FIND_IN_SORTED.faulty_programs.FIND_IN_SORTED.binsearch(int[],int,int,int)","| gin.edit.modifynode.SwapExpression quixbugs/faulty_programs/FIND_IN_SORTED.java:42 <-> quixbugs/faulty_programs/FIND_IN_SORTED.java:87 | gin.edit.statement.SwapStatement quixbugs/faulty_programs/FIND_IN_SORTED.java:20 <-> quixbugs/faulty_programs/FIND_IN_SORTED.java:27 | gin.edit.modifynode.BinaryOperatorReplacement  quixbugs/faulty_programs/FIND_IN_SORTED.java:41 MINUS -> SIGNED_RIGHT_SHIFT | gin.edit.modifynode.BinaryOperatorReplacement  quixbugs/faulty_programs/FIND_IN_SORTED.java:48 LESS -> LESS_EQUALS | gin.edit.modifynode.BinaryOperatorReplacement  quixbugs/faulty_programs/FIND_IN_SORTED.java:69 GREATER -> LESS | gin.edit.modifynode.UnaryOperatorReplacement  quixbugs/faulty_programs/FIND_IN_SORTED.java:29 MINUS -> PLUS | gin.edit.modifynode.BinaryOperatorReplacement  quixbugs/faulty_programs/FIND_IN_SORTED.java:48 LESS -> LESS_EQUALS | gin.edit.modifynode.SwapExpression quixbugs/faulty_programs/FIND_IN_SORTED.java:54 <-> quixbugs/faulty_programs/FIND_IN_SORTED.java:91 | gin.edit.statement.SwapStatement quixbugs/faulty_programs/FIND_IN_SORTED.java:20 <-> quixbugs/faulty_programs/FIND_IN_SORTED.java:27 | gin.edit.statement.SwapStatement quixbugs/faulty_programs/FIND_IN_SORTED.java:20 <-> quixbugs/faulty_programs/FIND_IN_SORTED.java:27 | gin.edit.statement.ReplaceStatement quixbugs/faulty_programs/FIND_IN_SORTED.java:103 -> quixbugs/faulty_programs/FIND_IN_SORTED.java:78 |","true","false","1.647717","11.0","6.0"
"faulty_programs.FIND_IN_SORTED.faulty_programs.FIND_IN_SORTED.binsearch(int[],int,int,int)","| gin.edit.modifynode.BinaryOperatorReplacement  quixbugs/faulty_programs/FIND_IN_SORTED.java:48 LESS -> GREATER | gin.edit.modifynode.BinaryOperatorReplacement  quixbugs/faulty_programs/FIND_IN_SORTED.java:41 MINUS -> SIGNED_RIGHT_SHIFT | gin.edit.modifynode.BinaryOperatorReplacement  quixbugs/faulty_programs/FIND_IN_SORTED.java:48 LESS -> LESS_EQUALS | gin.edit.modifynode.SwapExpression quixbugs/faulty_programs/FIND_IN_SORTED.java:42 <-> quixbugs/faulty_programs/FIND_IN_SORTED.java:87 | gin.edit.modifynode.ReplaceExpression quixbugs/faulty_programs/FIND_IN_SORTED.java:40 -> quixbugs/faulty_programs/FIND_IN_SORTED.java:87 | gin.edit.modifynode.SwapExpression quixbugs/faulty_programs/FIND_IN_SORTED.java:54 <-> quixbugs/faulty_programs/FIND_IN_SORTED.java:39 | gin.edit.modifynode.ReplaceExpression quixbugs/faulty_programs/FIND_IN_SORTED.java:73 -> quixbugs/faulty_programs/FIND_IN_SORTED.java:44 | gin.edit.statement.DeleteStatement quixbugs/faulty_programs/FIND_IN_SORTED.java:27 |","true","false","0.0","0.0","-5.0"
"faulty_programs.FIND_IN_SORTED.faulty_programs.FIND_IN_SORTED.binsearch(int[],int,int,int)","| gin.edit.statement.SwapStatement quixbugs/faulty_programs/FIND_IN_SORTED.java:20 <-> quixbugs/faulty_programs/FIND_IN_SORTED.java:27 | gin.edit.statement.DeleteStatement quixbugs/faulty_programs/FIND_IN_SORTED.java:68 | gin.edit.statement.DeleteStatement quixbugs/faulty_programs/FIND_IN_SORTED.java:31 | gin.edit.modifynode.ReplaceExpression quixbugs/faulty_programs/FIND_IN_SORTED.java:46 -> quixbugs/faulty_programs/FIND_IN_SORTED.java:44 |","true","false","1.675632","11.0","6.0"
"faulty_programs.FIND_IN_SORTED.faulty_programs.FIND_IN_SORTED.binsearch(int[],int,int,int)","| gin.edit.modifynode.BinaryOperatorReplacement  quixbugs/faulty_programs/FIND_IN_SORTED.java:48 LESS -> LESS_EQUALS | gin.edit.modifynode.ReplaceExpression quixbugs/faulty_programs/FIND_IN_SORTED.java:40 -> quixbugs/faulty_programs/FIND_IN_SORTED.java:87 | gin.edit.modifynode.ReplaceExpression quixbugs/faulty_programs/FIND_IN_SORTED.java:73 -> quixbugs/faulty_programs/FIND_IN_SORTED.java:44 | gin.edit.statement.SwapStatement quixbugs/faulty_programs/FIND_IN_SORTED.java:20 <-> quixbugs/faulty_programs/FIND_IN_SORTED.java:27 | gin.edit.statement.DeleteStatement quixbugs/faulty_programs/FIND_IN_SORTED.java:31 | gin.edit.modifynode.UnaryOperatorReplacement  quixbugs/faulty_programs/FIND_IN_SORTED.java:29 MINUS -> PLUS |","true","false","1.406876","11.0","6.0"
"faulty_programs.FIND_IN_SORTED.faulty_programs.FIND_IN_SORTED.binsearch(int[],int,int,int)","| gin.edit.statement.DeleteStatement quixbugs/faulty_programs/FIND_IN_SORTED.java:31 | gin.edit.modifynode.BinaryOperatorReplacement  quixbugs/faulty_programs/FIND_IN_SORTED.java:41 MINUS -> SIGNED_RIGHT_SHIFT | gin.edit.modifynode.SwapExpression quixbugs/faulty_programs/FIND_IN_SORTED.java:42 <-> quixbugs/faulty_programs/FIND_IN_SORTED.java:87 | gin.edit.modifynode.UnaryOperatorReplacement  quixbugs/faulty_programs/FIND_IN_SORTED.java:29 MINUS -> BITWISE_COMPLEMENT |","false","false","0.0","0.0","-5.0"
"faulty_programs.FIND_IN_SORTED.faulty_programs.FIND_IN_SORTED.binsearch(int[],int,int,int)","| gin.edit.modifynode.BinaryOperatorReplacement  quixbugs/faulty_programs/FIND_IN_SORTED.java:41 MINUS -> SIGNED_RIGHT_SHIFT | gin.edit.modifynode.BinaryOperatorReplacement  quixbugs/faulty_programs/FIND_IN_SORTED.java:48 LESS -> LESS_EQUALS | gin.edit.modifynode.SwapExpression quixbugs/faulty_programs/FIND_IN_SORTED.java:42 <-> quixbugs/faulty_programs/FIND_IN_SORTED.java:87 | gin.edit.statement.SwapStatement quixbugs/faulty_programs/FIND_IN_SORTED.java:20 <-> quixbugs/faulty_programs/FIND_IN_SORTED.java:27 | gin.edit.modifynode.SwapExpression quixbugs/faulty_programs/FIND_IN_SORTED.java:52 <-> quixbugs/faulty_programs/FIND_IN_SORTED.java:62 | gin.edit.modifynode.SwapExpression quixbugs/faulty_programs/FIND_IN_SORTED.java:29 <-> quixbugs/faulty_programs/FIND_IN_SORTED.java:75 | gin.edit.statement.SwapStatement quixbugs/faulty_programs/FIND_IN_SORTED.java:20 <-> quixbugs/faulty_programs/FIND_IN_SORTED.java:27 | gin.edit.statement.CopyStatement quixbugs/faulty_programs/FIND_IN_SORTED.java:27 -> quixbugs/faulty_programs/FIND_IN_SORTED.java:20:21 | gin.edit.statement.DeleteStatement quixbugs/faulty_programs/FIND_IN_SORTED.java:56 | gin.edit.modifynode.BinaryOperatorReplacement  quixbugs/faulty_programs/FIND_IN_SORTED.java:36 PLUS -> MULTIPLY | gin.edit.statement.CopyStatement quixbugs/faulty_programs/FIND_IN_SORTED.java:77 -> quixbugs/faulty_programs/FIND_IN_SORTED.java:89:89 |","true","false","1.647694","11.0","6.0"
"faulty_programs.FIND_IN_SORTED.faulty_programs.FIND_IN_SORTED.binsearch(int[],int,int,int)","| gin.edit.statement.SwapStatement quixbugs/faulty_programs/FIND_IN_SORTED.java:57 <-> quixbugs/faulty_programs/FIND_IN_SORTED.java:47 | gin.edit.statement.SwapStatement quixbugs/faulty_programs/FIND_IN_SORTED.java:20 <-> quixbugs/faulty_programs/FIND_IN_SORTED.java:27 | gin.edit.modifynode.SwapExpression quixbugs/faulty_programs/FIND_IN_SORTED.java:51 <-> quixbugs/faulty_programs/FIND_IN_SORTED.java:60 | gin.edit.statement.DeleteStatement quixbugs/faulty_programs/FIND_IN_SORTED.java:27 | gin.edit.modifynode.SwapExpression quixbugs/faulty_programs/FIND_IN_SORTED.java:52 <-> quixbugs/faulty_programs/FIND_IN_SORTED.java:66 | gin.edit.modifynode.BinaryOperatorReplacement  quixbugs/faulty_programs/FIND_IN_SORTED.java:41 MINUS -> SIGNED_RIGHT_SHIFT | gin.edit.modifynode.BinaryOperatorReplacement  quixbugs/faulty_programs/FIND_IN_SORTED.java:48 LESS -> LESS_EQUALS | gin.edit.modifynode.ReplaceExpression quixbugs/faulty_programs/FIND_IN_SORTED.java:40 -> quixbugs/faulty_programs/FIND_IN_SORTED.java:87 | gin.edit.modifynode.ReplaceExpression quixbugs/faulty_programs/FIND_IN_SORTED.java:54 -> quixbugs/faulty_programs/FIND_IN_SORTED.java:36 | gin.edit.statement.CopyStatement quixbugs/faulty_programs/FIND_IN_SORTED.java:56 -> quixbugs/faulty_programs/FIND_IN_SORTED.java:27:27 | gin.edit.modifynode.UnaryOperatorReplacement  quixbugs/faulty_programs/FIND_IN_SORTED.java:29 MINUS -> PLUS |","true","false","1.529069","11.0","6.0"
"faulty_programs.FIND_IN_SORTED.faulty_programs.FIND_IN_SORTED.binsearch(int[],int,int,int)","| gin.edit.modifynode.BinaryOperatorReplacement  quixbugs/faulty_programs/FIND_IN_SORTED.java:41 MINUS -> SIGNED_RIGHT_SHIFT | gin.edit.statement.SwapStatement quixbugs/faulty_programs/FIND_IN_SORTED.java:20 <-> quixbugs/faulty_programs/FIND_IN_SORTED.java:27 | gin.edit.modifynode.SwapExpression quixbugs/faulty_programs/FIND_IN_SORTED.java:52 <-> quixbugs/faulty_programs/FIND_IN_SORTED.java:62 | gin.edit.modifynode.SwapExpression quixbugs/faulty_programs/FIND_IN_SORTED.java:29 <-> quixbugs/faulty_programs/FIND_IN_SORTED.java:75 | gin.edit.statement.DeleteStatement quixbugs/faulty_programs/FIND_IN_SORTED.java:56 | gin.edit.modifynode.BinaryOperatorReplacement  quixbugs/faulty_programs/FIND_IN_SORTED.java:36 PLUS -> MULTIPLY | gin.edit.statement.SwapStatement quixbugs/faulty_programs/FIND_IN_SORTED.java:57 <-> quixbugs/faulty_programs/FIND_IN_SORTED.java:47 | gin.edit.modifynode.SwapExpression quixbugs/faulty_programs/FIND_IN_SORTED.java:51 <-> quixbugs/faulty_programs/FIND_IN_SORTED.java:60 | gin.edit.statement.DeleteStatement quixbugs/faulty_programs/FIND_IN_SORTED.java:27 | gin.edit.modifynode.SwapExpression quixbugs/faulty_programs/FIND_IN_SORTED.java:52 <-> quixbugs/faulty_programs/FIND_IN_SORTED.java:66 | gin.edit.modifynode.BinaryOperatorReplacement  quixbugs/faulty_programs/FIND_IN_SORTED.java:48 LESS -> LESS_EQUALS | gin.edit.modifynode.ReplaceExpression quixbugs/faulty_programs/FIND_IN_SORTED.java:40 -> quixbugs/faulty_programs/FIND_IN_SORTED.java:87 | gin.edit.modifynode.ReplaceExpression quixbugs/faulty_programs/FIND_IN_SORTED.java:54 -> quixbugs/faulty_programs/FIND_IN_SORTED.java:36 | gin.edit.modifynode.SwapExpression quixbugs/faulty_programs/FIND_IN_SORTED.java:87 <-> quixbugs/faulty_programs/FIND_IN_SORTED.java:49 |","true","false","1.807205","11.0","6.0"
"faulty_programs.FIND_IN_SORTED.faulty_programs.FIND_IN_SORTED.binsearch(int[],int,int,int)","| gin.edit.statement.DeleteStatement quixbugs/faulty_programs/FIND_IN_SORTED.java:27 | gin.edit.modifynode.BinaryOperatorReplacement  quixbugs/faulty_programs/FIND_IN_SORTED.java:41 MINUS -> SIGNED_RIGHT_SHIFT | gin.edit.modifynode.ReplaceExpression quixbugs/faulty_programs/FIND_IN_SORTED.java:54 -> quixbugs/faulty_programs/FIND_IN_SORTED.java:36 | gin.edit.statement.CopyStatement quixbugs/faulty_programs/FIND_IN_SORTED.java:56 -> quixbugs/faulty_programs/FIND_IN_SORTED.java:27:27 | gin.edit.modifynode.BinaryOperatorReplacement  quixbugs/faulty_programs/FIND_IN_SORTED.java:41 MINUS -> SIGNED_RIGHT_SHIFT | gin.edit.modifynode.BinaryOperatorReplacement  quixbugs/faulty_programs/FIND_IN_SORTED.java:48 LESS -> LESS_EQUALS | gin.edit.modifynode.SwapExpression quixbugs/faulty_programs/FIND_IN_SORTED.java:42 <-> quixbugs/faulty_programs/FIND_IN_SORTED.java:87 | gin.edit.statement.SwapStatement quixbugs/faulty_programs/FIND_IN_SORTED.java:20 <-> quixbugs/faulty_programs/FIND_IN_SORTED.java:27 | gin.edit.statement.SwapStatement quixbugs/faulty_programs/FIND_IN_SORTED.java:20 <-> quixbugs/faulty_programs/FIND_IN_SORTED.java:27 | gin.edit.statement.CopyStatement quixbugs/faulty_programs/FIND_IN_SORTED.java:27 -> quixbugs/faulty_programs/FIND_IN_SORTED.java:20:21 | gin.edit.statement.DeleteStatement quixbugs/faulty_programs/FIND_IN_SORTED.java:56 | gin.edit.modifynode.BinaryOperatorReplacement  quixbugs/faulty_programs/FIND_IN_SORTED.java:36 PLUS -> MULTIPLY | gin.edit.statement.CopyStatement quixbugs/faulty_programs/FIND_IN_SORTED.java:89 -> quixbugs/faulty_programs/FIND_IN_SORTED.java:77:78 |","false","false","0.0","0.0","-5.0"
"faulty_programs.FIND_IN_SORTED.faulty_programs.FIND_IN_SORTED.binsearch(int[],int,int,int)","| gin.edit.statement.SwapStatement quixbugs/faulty_programs/FIND_IN_SORTED.java:57 <-> quixbugs/faulty_programs/FIND_IN_SORTED.java:47 | gin.edit.statement.SwapStatement quixbugs/faulty_programs/FIND_IN_SORTED.java:20 <-> quixbugs/faulty_programs/FIND_IN_SORTED.java:27 | gin.edit.modifynode.SwapExpression quixbugs/faulty_programs/FIND_IN_SORTED.java:51 <-> quixbugs/faulty_programs/FIND_IN_SORTED.java:60 | gin.edit.statement.DeleteStatement quixbugs/faulty_programs/FIND_IN_SORTED.java:27 | gin.edit.modifynode.SwapExpression quixbugs/faulty_programs/FIND_IN_SORTED.java:52 <-> quixbugs/faulty_programs/FIND_IN_SORTED.java:66 | gin.edit.modifynode.BinaryOperatorReplacement  quixbugs/faulty_programs/FIND_IN_SORTED.java:41 MINUS -> SIGNED_RIGHT_SHIFT | gin.edit.modifynode.BinaryOperatorReplacement  quixbugs/faulty_programs/FIND_IN_SORTED.java:48 LESS -> LESS_EQUALS | gin.edit.modifynode.ReplaceExpression quixbugs/faulty_programs/FIND_IN_SORTED.java:40 -> quixbugs/faulty_programs/FIND_IN_SORTED.java:87 | gin.edit.modifynode.ReplaceExpression quixbugs/faulty_programs/FIND_IN_SORTED.java:54 -> quixbugs/faulty_programs/FIND_IN_SORTED.java:36 | gin.edit.statement.CopyStatement quixbugs/faulty_programs/FIND_IN_SORTED.java:56 -> quixbugs/faulty_programs/FIND_IN_SORTED.java:27:27 | gin.edit.modifynode.UnaryOperatorReplacement  quixbugs/faulty_programs/FIND_IN_SORTED.java:29 MINUS -> PLUS |","true","false","1.664343","11.0","6.0"
"faulty_programs.FIND_IN_SORTED.faulty_programs.FIND_IN_SORTED.binsearch(int[],int,int,int)","| gin.edit.statement.SwapStatement quixbugs/faulty_programs/FIND_IN_SORTED.java:20 <-> quixbugs/faulty_programs/FIND_IN_SORTED.java:27 | gin.edit.statement.DeleteStatement quixbugs/faulty_programs/FIND_IN_SORTED.java:68 | gin.edit.statement.DeleteStatement quixbugs/faulty_programs/FIND_IN_SORTED.java:31 | gin.edit.statement.CopyStatement quixbugs/faulty_programs/FIND_IN_SORTED.java:27 -> quixbugs/faulty_programs/FIND_IN_SORTED.java:27:28 |","true","false","1.511338","11.0","6.0"
"faulty_programs.FIND_IN_SORTED.faulty_programs.FIND_IN_SORTED.binsearch(int[],int,int,int)","| gin.edit.statement.SwapStatement quixbugs/faulty_programs/FIND_IN_SORTED.java:57 <-> quixbugs/faulty_programs/FIND_IN_SORTED.java:47 | gin.edit.statement.SwapStatement quixbugs/faulty_programs/FIND_IN_SORTED.java:20 <-> quixbugs/faulty_programs/FIND_IN_SORTED.java:27 | gin.edit.statement.DeleteStatement quixbugs/faulty_programs/FIND_IN_SORTED.java:27 | gin.edit.modifynode.SwapExpression quixbugs/faulty_programs/FIND_IN_SORTED.java:52 <-> quixbugs/faulty_programs/FIND_IN_SORTED.java:66 | gin.edit.modifynode.BinaryOperatorReplacement  quixbugs/faulty_programs/FIND_IN_SORTED.java:48 LESS -> LESS_EQUALS | gin.edit.modifynode.ReplaceExpression quixbugs/faulty_programs/FIND_IN_SORTED.java:40 -> quixbugs/faulty_programs/FIND_IN_SORTED.java:87 | gin.edit.statement.SwapStatement quixbugs/faulty_programs/FIND_IN_SORTED.java:20 <-> quixbugs/faulty_programs/FIND_IN_SORTED.java:27 | gin.edit.statement.DeleteStatement quixbugs/faulty_programs/FIND_IN_SORTED.java:68 | gin.edit.modifynode.BinaryOperatorReplacement  quixbugs/faulty_programs/FIND_IN_SORTED.java:48 LESS -> GREATER_EQUALS |","true","false","1.331036","11.0","6.0"
"faulty_programs.FIND_IN_SORTED.faulty_programs.FIND_IN_SORTED.binsearch(int[],int,int,int)","| gin.edit.statement.SwapStatement quixbugs/faulty_programs/FIND_IN_SORTED.java:20 <-> quixbugs/faulty_programs/FIND_IN_SORTED.java:27 | gin.edit.statement.DeleteStatement quixbugs/faulty_programs/FIND_IN_SORTED.java:68 | gin.edit.statement.DeleteStatement quixbugs/faulty_programs/FIND_IN_SORTED.java:31 | gin.edit.modifynode.SwapExpression quixbugs/faulty_programs/FIND_IN_SORTED.java:51 <-> quixbugs/faulty_programs/FIND_IN_SORTED.java:60 | gin.edit.statement.DeleteStatement quixbugs/faulty_programs/FIND_IN_SORTED.java:27 | gin.edit.modifynode.SwapExpression quixbugs/faulty_programs/FIND_IN_SORTED.java:52 <-> quixbugs/faulty_programs/FIND_IN_SORTED.java:66 | gin.edit.modifynode.BinaryOperatorReplacement  quixbugs/faulty_programs/FIND_IN_SORTED.java:41 MINUS -> SIGNED_RIGHT_SHIFT | gin.edit.modifynode.BinaryOperatorReplacement  quixbugs/faulty_programs/FIND_IN_SORTED.java:48 LESS -> LESS_EQUALS | gin.edit.modifynode.ReplaceExpression quixbugs/faulty_programs/FIND_IN_SORTED.java:54 -> quixbugs/faulty_programs/FIND_IN_SORTED.java:36 | gin.edit.statement.CopyStatement quixbugs/faulty_programs/FIND_IN_SORTED.java:56 -> quixbugs/faulty_programs/FIND_IN_SORTED.java:27:27 | gin.edit.statement.DeleteStatement quixbugs/faulty_programs/FIND_IN_SORTED.java:89 |","true","false","1.63585","11.0","6.0"
"faulty_programs.FIND_IN_SORTED.faulty_programs.FIND_IN_SORTED.binsearch(int[],int,int,int)","| gin.edit.modifynode.BinaryOperatorReplacement  quixbugs/faulty_programs/FIND_IN_SORTED.java:48 LESS -> GREATER | gin.edit.modifynode.BinaryOperatorReplacement  quixbugs/faulty_programs/FIND_IN_SORTED.java:41 MINUS -> SIGNED_RIGHT_SHIFT | gin.edit.modifynode.BinaryOperatorReplacement  quixbugs/faulty_programs/FIND_IN_SORTED.java:48 LESS -> LESS_EQUALS | gin.edit.modifynode.SwapExpression quixbugs/faulty_programs/FIND_IN_SORTED.java:42 <-> quixbugs/faulty_programs/FIND_IN_SORTED.java:87 | gin.edit.modifynode.ReplaceExpression quixbugs/faulty_programs/FIND_IN_SORTED.java:40 -> quixbugs/faulty_programs/FIND_IN_SORTED.java:87 | gin.edit.modifynode.SwapExpression quixbugs/faulty_programs/FIND_IN_SORTED.java:54 <-> quixbugs/faulty_programs/FIND_IN_SORTED.java:39 | gin.edit.modifynode.ReplaceExpression quixbugs/faulty_programs/FIND_IN_SORTED.java:73 -> quixbugs/faulty_programs/FIND_IN_SORTED.java:44 | gin.edit.modifynode.UnaryOperatorReplacement  quixbugs/faulty_programs/FIND_IN_SORTED.java:29 MINUS -> LOGICAL_COMPLEMENT |","false","false","0.0","0.0","-5.0"
"faulty_programs.FIND_IN_SORTED.faulty_programs.FIND_IN_SORTED.binsearch(int[],int,int,int)","| gin.edit.modifynode.BinaryOperatorReplacement  quixbugs/faulty_programs/FIND_IN_SORTED.java:48 LESS -> GREATER | gin.edit.modifynode.BinaryOperatorReplacement  quixbugs/faulty_programs/FIND_IN_SORTED.java:41 MINUS -> SIGNED_RIGHT_SHIFT | gin.edit.modifynode.BinaryOperatorReplacement  quixbugs/faulty_programs/FIND_IN_SORTED.java:48 LESS -> LESS_EQUALS | gin.edit.modifynode.SwapExpression quixbugs/faulty_programs/FIND_IN_SORTED.java:42 <-> quixbugs/faulty_programs/FIND_IN_SORTED.java:87 | gin.edit.modifynode.ReplaceExpression quixbugs/faulty_programs/FIND_IN_SORTED.java:40 -> quixbugs/faulty_programs/FIND_IN_SORTED.java:87 | gin.edit.modifynode.SwapExpression quixbugs/faulty_programs/FIND_IN_SORTED.java:54 <-> quixbugs/faulty_programs/FIND_IN_SORTED.java:39 | gin.edit.modifynode.ReplaceExpression quixbugs/faulty_programs/FIND_IN_SORTED.java:73 -> quixbugs/faulty_programs/FIND_IN_SORTED.java:44 | gin.edit.statement.SwapStatement quixbugs/faulty_programs/FIND_IN_SORTED.java:57 <-> quixbugs/faulty_programs/FIND_IN_SORTED.java:31 |","false","false","0.0","0.0","-5.0"
"faulty_programs.FIND_IN_SORTED.faulty_programs.FIND_IN_SORTED.binsearch(int[],int,int,int)","| gin.edit.modifynode.BinaryOperatorReplacement  quixbugs/faulty_programs/FIND_IN_SORTED.java:48 LESS -> LESS_EQUALS | gin.edit.modifynode.ReplaceExpression quixbugs/faulty_programs/FIND_IN_SORTED.java:40 -> quixbugs/faulty_programs/FIND_IN_SORTED.java:87 | gin.edit.modifynode.SwapExpression quixbugs/faulty_programs/FIND_IN_SORTED.java:54 <-> quixbugs/faulty_programs/FIND_IN_SORTED.java:39 | gin.edit.modifynode.ReplaceExpression quixbugs/faulty_programs/FIND_IN_SORTED.java:73 -> quixbugs/faulty_programs/FIND_IN_SORTED.java:44 | gin.edit.modifynode.BinaryOperatorReplacement  quixbugs/faulty_programs/FIND_IN_SORTED.java:48 LESS -> GREATER | gin.edit.modifynode.BinaryOperatorReplacement  quixbugs/faulty_programs/FIND_IN_SORTED.java:48 LESS -> LESS_EQUALS | gin.edit.modifynode.SwapExpression quixbugs/faulty_programs/FIND_IN_SORTED.java:42 <-> quixbugs/faulty_programs/FIND_IN_SORTED.java:87 | gin.edit.modifynode.ReplaceExpression quixbugs/faulty_programs/FIND_IN_SORTED.java:40 -> quixbugs/faulty_programs/FIND_IN_SORTED.java:87 | gin.edit.modifynode.ReplaceExpression quixbugs/faulty_programs/FIND_IN_SORTED.java:73 -> quixbugs/faulty_programs/FIND_IN_SORTED.java:44 | gin.edit.modifynode.UnaryOperatorReplacement  quixbugs/faulty_programs/FIND_IN_SORTED.java:29 MINUS -> BITWISE_COMPLEMENT |","false","false","0.0","0.0","-5.0"
"faulty_programs.FIND_IN_SORTED.faulty_programs.FIND_IN_SORTED.binsearch(int[],int,int,int)","| gin.edit.modifynode.BinaryOperatorReplacement  quixbugs/faulty_programs/FIND_IN_SORTED.java:41 MINUS -> SIGNED_RIGHT_SHIFT | gin.edit.modifynode.BinaryOperatorReplacement  quixbugs/faulty_programs/FIND_IN_SORTED.java:48 LESS -> LESS_EQUALS | gin.edit.modifynode.SwapExpression quixbugs/faulty_programs/FIND_IN_SORTED.java:42 <-> quixbugs/faulty_programs/FIND_IN_SORTED.java:87 | gin.edit.modifynode.SwapExpression quixbugs/faulty_programs/FIND_IN_SORTED.java:54 <-> quixbugs/faulty_programs/FIND_IN_SORTED.java:39 | gin.edit.modifynode.ReplaceExpression quixbugs/faulty_programs/FIND_IN_SORTED.java:73 -> quixbugs/faulty_programs/FIND_IN_SORTED.java:44 | gin.edit.modifynode.ReplaceExpression quixbugs/faulty_programs/FIND_IN_SORTED.java:40 -> quixbugs/faulty_programs/FIND_IN_SORTED.java:87 | gin.edit.modifynode.SwapExpression quixbugs/faulty_programs/FIND_IN_SORTED.java:54 <-> quixbugs/faulty_programs/FIND_IN_SORTED.java:39 | gin.edit.modifynode.ReplaceExpression quixbugs/faulty_programs/FIND_IN_SORTED.java:73 -> quixbugs/faulty_programs/FIND_IN_SORTED.java:44 | gin.edit.modifynode.BinaryOperatorReplacement  quixbugs/faulty_programs/FIND_IN_SORTED.java:36 PLUS -> SIGNED_RIGHT_SHIFT |","true","false","16.498041","1.0","-4.0"
"faulty_programs.FIND_IN_SORTED.faulty_programs.FIND_IN_SORTED.binsearch(int[],int,int,int)","| gin.edit.modifynode.BinaryOperatorReplacement  quixbugs/faulty_programs/FIND_IN_SORTED.java:41 MINUS -> SIGNED_RIGHT_SHIFT | gin.edit.modifynode.BinaryOperatorReplacement  quixbugs/faulty_programs/FIND_IN_SORTED.java:48 LESS -> LESS_EQUALS | gin.edit.modifynode.SwapExpression quixbugs/faulty_programs/FIND_IN_SORTED.java:42 <-> quixbugs/faulty_programs/FIND_IN_SORTED.java:87 | gin.edit.statement.SwapStatement quixbugs/faulty_programs/FIND_IN_SORTED.java:20 <-> quixbugs/faulty_programs/FIND_IN_SORTED.java:27 | gin.edit.modifynode.SwapExpression quixbugs/faulty_programs/FIND_IN_SORTED.java:52 <-> quixbugs/faulty_programs/FIND_IN_SORTED.java:62 | gin.edit.modifynode.SwapExpression quixbugs/faulty_programs/FIND_IN_SORTED.java:29 <-> quixbugs/faulty_programs/FIND_IN_SORTED.java:75 | gin.edit.statement.SwapStatement quixbugs/faulty_programs/FIND_IN_SORTED.java:20 <-> quixbugs/faulty_programs/FIND_IN_SORTED.java:27 | gin.edit.statement.CopyStatement quixbugs/faulty_programs/FIND_IN_SORTED.java:27 -> quixbugs/faulty_programs/FIND_IN_SORTED.java:20:21 | gin.edit.modifynode.BinaryOperatorReplacement  quixbugs/faulty_programs/FIND_IN_SORTED.java:36 PLUS -> LEFT_SHIFT | gin.edit.modifynode.SwapExpression quixbugs/faulty_programs/FIND_IN_SORTED.java:49 <-> quixbugs/faulty_programs/FIND_IN_SORTED.java:73 | gin.edit.modifynode.SwapExpression quixbugs/faulty_programs/FIND_IN_SORTED.java:40 <-> quixbugs/faulty_programs/FIND_IN_SORTED.java:62 |","true","false","1.560303","11.0","6.0"
"faulty_programs.FIND_IN_SORTED.faulty_programs.FIND_IN_SORTED.binsearch(int[],int,int,int)","| gin.edit.modifynode.BinaryOperatorReplacement  quixbugs/faulty_programs/FIND_IN_SORTED.java:48 LESS -> GREATER | gin.edit.modifynode.BinaryOperatorReplacement  quixbugs/faulty_programs/FIND_IN_SORTED.java:48 LESS -> GREATER | gin.edit.modifynode.BinaryOperatorReplacement  quixbugs/faulty_programs/FIND_IN_SORTED.java:48 LESS -> LESS_EQUALS | gin.edit.modifynode.BinaryOperatorReplacement  quixbugs/faulty_programs/FIND_IN_SORTED.java:41 MINUS -> SIGNED_RIGHT_SHIFT | gin.edit.statement.SwapStatement quixbugs/faulty_programs/FIND_IN_SORTED.java:20 <-> quixbugs/faulty_programs/FIND_IN_SORTED.java:27 | gin.edit.statement.CopyStatement quixbugs/faulty_programs/FIND_IN_SORTED.java:77 -> quixbugs/faulty_programs/FIND_IN_SORTED.java:56:57 | gin.edit.modifynode.ReplaceExpression quixbugs/faulty_programs/FIND_IN_SORTED.java:30 -> quixbugs/faulty_programs/FIND_IN_SORTED.java:36 |","true","false","1.539959","11.0","6.0"
"faulty_programs.FIND_IN_SORTED.faulty_programs.FIND_IN_SORTED.binsearch(int[],int,int,int)","| gin.edit.modifynode.BinaryOperatorReplacement  quixbugs/faulty_programs/FIND_IN_SORTED.java:41 MINUS -> SIGNED_RIGHT_SHIFT | gin.edit.modifynode.SwapExpression quixbugs/faulty_programs/FIND_IN_SORTED.java:29 <-> quixbugs/faulty_programs/FIND_IN_SORTED.java:75 | gin.edit.statement.SwapStatement quixbugs/faulty_programs/FIND_IN_SORTED.java:20 <-> quixbugs/faulty_programs/FIND_IN_SORTED.java:27 | gin.edit.modifynode.BinaryOperatorReplacement  quixbugs/faulty_programs/FIND_IN_SORTED.java:36 PLUS -> LEFT_SHIFT | gin.edit.modifynode.SwapExpression quixbugs/faulty_programs/FIND_IN_SORTED.java:49 <-> quixbugs/faulty_programs/FIND_IN_SORTED.java:73 | gin.edit.modifynode.BinaryOperatorReplacement  quixbugs/faulty_programs/FIND_IN_SORTED.java:48 LESS -> GREATER | gin.edit.modifynode.BinaryOperatorReplacement  quixbugs/faulty_programs/FIND_IN_SORTED.java:48 LESS -> GREATER | gin.edit.modifynode.BinaryOperatorReplacement  quixbugs/faulty_programs/FIND_IN_SORTED.java:48 LESS -> LESS_EQUALS | gin.edit.statement.SwapStatement quixbugs/faulty_programs/FIND_IN_SORTED.java:20 <-> quixbugs/faulty_programs/FIND_IN_SORTED.java:27 | gin.edit.statement.CopyStatement quixbugs/faulty_programs/FIND_IN_SORTED.java:77 -> quixbugs/faulty_programs/FIND_IN_SORTED.java:56:57 | gin.edit.statement.CopyStatement quixbugs/faulty_programs/FIND_IN_SORTED.java:103 -> quixbugs/faulty_programs/FIND_IN_SORTED.java:27:28 |","false","false","0.0","0.0","-5.0"
"faulty_programs.FIND_IN_SORTED.faulty_programs.FIND_IN_SORTED.binsearch(int[],int,int,int)","| gin.edit.modifynode.BinaryOperatorReplacement  quixbugs/faulty_programs/FIND_IN_SORTED.java:48 LESS -> GREATER | gin.edit.modifynode.BinaryOperatorReplacement  quixbugs/faulty_programs/FIND_IN_SORTED.java:48 LESS -> GREATER | gin.edit.modifynode.BinaryOperatorReplacement  quixbugs/faulty_programs/FIND_IN_SORTED.java:48 LESS -> LESS_EQUALS | gin.edit.statement.SwapStatement quixbugs/faulty_programs/FIND_IN_SORTED.java:20 <-> quixbugs/faulty_programs/FIND_IN_SORTED.java:27 | gin.edit.modifynode.BinaryOperatorReplacement  quixbugs/faulty_programs/FIND_IN_SORTED.java:48 LESS -> LESS_EQUALS | gin.edit.statement.SwapStatement quixbugs/faulty_programs/FIND_IN_SORTED.java:20 <-> quixbugs/faulty_programs/FIND_IN_SORTED.java:27 | gin.edit.modifynode.SwapExpression quixbugs/faulty_programs/FIND_IN_SORTED.java:52 <-> quixbugs/faulty_programs/FIND_IN_SORTED.java:62 | gin.edit.modifynode.UnaryOperatorReplacement  quixbugs/faulty_programs/FIND_IN_SORTED.java:29 MINUS -> BITWISE_COMPLEMENT |","true","false","14.538815","11.0","6.0"
"faulty_programs.FIND_IN_SORTED.faulty_programs.FIND_IN_SORTED.find_in_sorted(int[],int)","|","true","false","7.32415","5.0","0.0"
"faulty_programs.FIND_IN_SORTED.faulty_programs.FIND_IN_SORTED.find_in_sorted(int[],int)","|","true","false","7.415593","5.0","0.0"
"faulty_programs.FIND_IN_SORTED.faulty_programs.FIND_IN_SORTED.find_in_sorted(int[],int)","| gin.edit.statement.DeleteStatement quixbugs/faulty_programs/FIND_IN_SORTED.java:103 |","false","false","0.0","0.0","-5.0"
"faulty_programs.FIND_IN_SORTED.faulty_programs.FIND_IN_SORTED.find_in_sorted(int[],int)","| gin.edit.statement.CopyStatement quixbugs/faulty_programs/FIND_IN_SORTED.java:28 -> quixbugs/faulty_programs/FIND_IN_SORTED.java:103:104 |","false","false","0.0","0.0","-5.0"
"faulty_programs.FIND_IN_SORTED.faulty_programs.FIND_IN_SORTED.find_in_sorted(int[],int)","| gin.edit.statement.SwapStatement quixbugs/faulty_programs/FIND_IN_SORTED.java:103 <-> quixbugs/faulty_programs/FIND_IN_SORTED.java:103 |","true","false","6.71155","5.0","0.0"
"faulty_programs.FIND_IN_SORTED.faulty_programs.FIND_IN_SORTED.find_in_sorted(int[],int)","| gin.edit.modifynode.SwapExpression quixbugs/faulty_programs/FIND_IN_SORTED.java:111 <-> quixbugs/faulty_programs/FIND_IN_SORTED.java:109 | gin.edit.statement.SwapStatement quixbugs/faulty_programs/FIND_IN_SORTED.java:104 <-> quixbugs/faulty_programs/FIND_IN_SORTED.java:103 |","true","false","0.0","0.0","-5.0"
"faulty_programs.FIND_IN_SORTED.faulty_programs.FIND_IN_SORTED.find_in_sorted(int[],int)","| gin.edit.modifynode.SwapExpression quixbugs/faulty_programs/FIND_IN_SORTED.java:109 <-> quixbugs/faulty_programs/FIND_IN_SORTED.java:111 | gin.edit.statement.CopyStatement quixbugs/faulty_programs/FIND_IN_SORTED.java:56 -> quixbugs/faulty_programs/FIND_IN_SORTED.java:103:103 |","false","false","0.0","0.0","-5.0"
"faulty_programs.FIND_IN_SORTED.faulty_programs.FIND_IN_SORTED.find_in_sorted(int[],int)","| gin.edit.modifynode.SwapExpression quixbugs/faulty_programs/FIND_IN_SORTED.java:111 <-> quixbugs/faulty_programs/FIND_IN_SORTED.java:109 | gin.edit.modifynode.SwapExpression quixbugs/faulty_programs/FIND_IN_SORTED.java:109 <-> quixbugs/faulty_programs/FIND_IN_SORTED.java:111 |","true","false","2.043624","6.0","1.0"
"faulty_programs.FIND_IN_SORTED.faulty_programs.FIND_IN_SORTED.find_in_sorted(int[],int)","| gin.edit.modifynode.SwapExpression quixbugs/faulty_programs/FIND_IN_SORTED.java:109 <-> quixbugs/faulty_programs/FIND_IN_SORTED.java:111 | gin.edit.modifynode.SwapExpression quixbugs/faulty_programs/FIND_IN_SORTED.java:111 <-> quixbugs/faulty_programs/FIND_IN_SORTED.java:109 | gin.edit.modifynode.ReplaceExpression quixbugs/faulty_programs/FIND_IN_SORTED.java:66 -> quixbugs/faulty_programs/FIND_IN_SORTED.java:107 |","false","false","0.0","0.0","-5.0"
"faulty_programs.FIND_IN_SORTED.faulty_programs.FIND_IN_SORTED.find_in_sorted(int[],int)","| gin.edit.modifynode.SwapExpression quixbugs/faulty_programs/FIND_IN_SORTED.java:113 <-> quixbugs/faulty_programs/FIND_IN_SORTED.java:107 | gin.edit.statement.CopyStatement quixbugs/faulty_programs/FIND_IN_SORTED.java:77 -> quixbugs/faulty_programs/FIND_IN_SORTED.java:103:103 |","false","false","0.0","0.0","-5.0"
"faulty_programs.FIND_IN_SORTED.faulty_programs.FIND_IN_SORTED.find_in_sorted(int[],int)","| gin.edit.statement.CopyStatement quixbugs/faulty_programs/FIND_IN_SORTED.java:57 -> quixbugs/faulty_programs/FIND_IN_SORTED.java:103:103 |","false","false","0.0","0.0","-5.0"
"faulty_programs.FIND_IN_SORTED.faulty_programs.FIND_IN_SORTED.find_in_sorted(int[],int)","| gin.edit.statement.SwapStatement quixbugs/faulty_programs/FIND_IN_SORTED.java:104 <-> quixbugs/faulty_programs/FIND_IN_SORTED.java:103 |","true","false","0.0","0.0","-5.0"
"faulty_programs.FIND_IN_SORTED.faulty_programs.FIND_IN_SORTED.find_in_sorted(int[],int)","| gin.edit.statement.DeleteStatement quixbugs/faulty_programs/FIND_IN_SORTED.java:103 |","false","false","0.0","0.0","-5.0"
"faulty_programs.FIND_IN_SORTED.faulty_programs.FIND_IN_SORTED.find_in_sorted(int[],int)","| gin.edit.modifynode.SwapExpression quixbugs/faulty_programs/FIND_IN_SORTED.java:111 <-> quixbugs/faulty_programs/FIND_IN_SORTED.java:109 | gin.edit.modifynode.ReplaceExpression quixbugs/faulty_programs/FIND_IN_SORTED.java:49 -> quixbugs/faulty_programs/FIND_IN_SORTED.java:113 |","false","false","0.0","0.0","-5.0"
"faulty_programs.FIND_IN_SORTED.faulty_programs.FIND_IN_SORTED.find_in_sorted(int[],int)","| gin.edit.statement.DeleteStatement quixbugs/faulty_programs/FIND_IN_SORTED.java:104 |","false","false","0.0","0.0","-5.0"
"faulty_programs.FIND_IN_SORTED.faulty_programs.FIND_IN_SORTED.find_in_sorted(int[],int)","| gin.edit.modifynode.SwapExpression quixbugs/faulty_programs/FIND_IN_SORTED.java:111 <-> quixbugs/faulty_programs/FIND_IN_SORTED.java:109 | gin.edit.modifynode.SwapExpression quixbugs/faulty_programs/FIND_IN_SORTED.java:107 <-> quixbugs/faulty_programs/FIND_IN_SORTED.java:105 |","false","false","0.0","0.0","-5.0"
"faulty_programs.FIND_IN_SORTED.faulty_programs.FIND_IN_SORTED.find_in_sorted(int[],int)","| gin.edit.modifynode.SwapExpression quixbugs/faulty_programs/FIND_IN_SORTED.java:107 <-> quixbugs/faulty_programs/FIND_IN_SORTED.java:105 |","false","false","0.0","0.0","-5.0"
"faulty_programs.FIND_IN_SORTED.faulty_programs.FIND_IN_SORTED.find_in_sorted(int[],int)","| gin.edit.modifynode.SwapExpression quixbugs/faulty_programs/FIND_IN_SORTED.java:113 <-> quixbugs/faulty_programs/FIND_IN_SORTED.java:111 |","false","false","0.0","0.0","-5.0"
"faulty_programs.FIND_IN_SORTED.faulty_programs.FIND_IN_SORTED.find_in_sorted(int[],int)","| gin.edit.modifynode.ReplaceExpression quixbugs/faulty_programs/FIND_IN_SORTED.java:25 -> quixbugs/faulty_programs/FIND_IN_SORTED.java:109 |","false","false","0.0","0.0","-5.0"
"faulty_programs.FIND_IN_SORTED.faulty_programs.FIND_IN_SORTED.find_in_sorted(int[],int)","| gin.edit.modifynode.ReplaceExpression quixbugs/faulty_programs/FIND_IN_SORTED.java:52 -> quixbugs/faulty_programs/FIND_IN_SORTED.java:109 |","false","false","0.0","0.0","-5.0"
"faulty_programs.FIND_IN_SORTED.faulty_programs.FIND_IN_SORTED.find_in_sorted(int[],int)","| gin.edit.modifynode.SwapExpression quixbugs/faulty_programs/FIND_IN_SORTED.java:112 <-> quixbugs/faulty_programs/FIND_IN_SORTED.java:109 |","true","false","9.374244","2.0","-3.0"
"faulty_programs.FIND_IN_SORTED.faulty_programs.FIND_IN_SORTED.find_in_sorted(int[],int)","|","true","false","6.741022","5.0","0.0"
"faulty_programs.FIND_IN_SORTED.faulty_programs.FIND_IN_SORTED.find_in_sorted(int[],int)","| gin.edit.statement.ReplaceStatement quixbugs/faulty_programs/FIND_IN_SORTED.java:21 -> quixbugs/faulty_programs/FIND_IN_SORTED.java:104 |","false","false","0.0","0.0","-5.0"
"faulty_programs.FIND_IN_SORTED.faulty_programs.FIND_IN_SORTED.find_in_sorted(int[],int)","|","true","false","7.832023","5.0","0.0"
"faulty_programs.FIND_IN_SORTED.faulty_programs.FIND_IN_SORTED.find_in_sorted(int[],int)","| gin.edit.statement.CopyStatement quixbugs/faulty_programs/FIND_IN_SORTED.java:31 -> quixbugs/faulty_programs/FIND_IN_SORTED.java:103:104 |","false","false","0.0","0.0","-5.0"
"faulty_programs.FIND_IN_SORTED.faulty_programs.FIND_IN_SORTED.find_in_sorted(int[],int)","|","true","false","6.905436","5.0","0.0"
"faulty_programs.FIND_IN_SORTED.faulty_programs.FIND_IN_SORTED.find_in_sorted(int[],int)","| gin.edit.statement.SwapStatement quixbugs/faulty_programs/FIND_IN_SORTED.java:103 <-> quixbugs/faulty_programs/FIND_IN_SORTED.java:103 |","true","false","6.908883","5.0","0.0"
"faulty_programs.FIND_IN_SORTED.faulty_programs.FIND_IN_SORTED.find_in_sorted(int[],int)","| gin.edit.statement.SwapStatement quixbugs/faulty_programs/FIND_IN_SORTED.java:104 <-> quixbugs/faulty_programs/FIND_IN_SORTED.java:104 |","true","false","8.264818","5.0","0.0"
"faulty_programs.FIND_IN_SORTED.faulty_programs.FIND_IN_SORTED.find_in_sorted(int[],int)","| gin.edit.statement.ReplaceStatement quixbugs/faulty_programs/FIND_IN_SORTED.java:28 -> quixbugs/faulty_programs/FIND_IN_SORTED.java:104 |","true","false","1.56935","11.0","6.0"
"faulty_programs.FIND_IN_SORTED.faulty_programs.FIND_IN_SORTED.find_in_sorted(int[],int)","| gin.edit.statement.SwapStatement quixbugs/faulty_programs/FIND_IN_SORTED.java:104 <-> quixbugs/faulty_programs/FIND_IN_SORTED.java:104 | gin.edit.statement.DeleteStatement quixbugs/faulty_programs/FIND_IN_SORTED.java:104 |","false","false","0.0","0.0","-5.0"
"faulty_programs.FIND_IN_SORTED.faulty_programs.FIND_IN_SORTED.find_in_sorted(int[],int)","| gin.edit.statement.SwapStatement quixbugs/faulty_programs/FIND_IN_SORTED.java:104 <-> quixbugs/faulty_programs/FIND_IN_SORTED.java:104 |","true","false","6.923158","5.0","0.0"
"faulty_programs.FIND_IN_SORTED.faulty_programs.FIND_IN_SORTED.find_in_sorted(int[],int)","| gin.edit.statement.SwapStatement quixbugs/faulty_programs/FIND_IN_SORTED.java:104 <-> quixbugs/faulty_programs/FIND_IN_SORTED.java:104 | gin.edit.statement.DeleteStatement quixbugs/faulty_programs/FIND_IN_SORTED.java:103 |","false","false","0.0","0.0","-5.0"
"faulty_programs.FIND_IN_SORTED.faulty_programs.FIND_IN_SORTED.find_in_sorted(int[],int)","| gin.edit.statement.SwapStatement quixbugs/faulty_programs/FIND_IN_SORTED.java:104 <-> quixbugs/faulty_programs/FIND_IN_SORTED.java:104 |","true","false","7.202468","5.0","0.0"
"faulty_programs.FIND_IN_SORTED.faulty_programs.FIND_IN_SORTED.find_in_sorted(int[],int)","| gin.edit.statement.SwapStatement quixbugs/faulty_programs/FIND_IN_SORTED.java:103 <-> quixbugs/faulty_programs/FIND_IN_SORTED.java:103 | gin.edit.statement.SwapStatement quixbugs/faulty_programs/FIND_IN_SORTED.java:103 <-> quixbugs/faulty_programs/FIND_IN_SORTED.java:104 |","true","false","0.0","0.0","-5.0"
"faulty_programs.FIND_IN_SORTED.faulty_programs.FIND_IN_SORTED.find_in_sorted(int[],int)","|","true","false","6.753767","5.0","0.0"
"faulty_programs.FIND_IN_SORTED.faulty_programs.FIND_IN_SORTED.find_in_sorted(int[],int)","| gin.edit.modifynode.ReplaceExpression quixbugs/faulty_programs/FIND_IN_SORTED.java:52 -> quixbugs/faulty_programs/FIND_IN_SORTED.java:111 |","false","false","0.0","0.0","-5.0"
"faulty_programs.FIND_IN_SORTED.faulty_programs.FIND_IN_SORTED.find_in_sorted(int[],int)","| gin.edit.statement.CopyStatement quixbugs/faulty_programs/FIND_IN_SORTED.java:77 -> quixbugs/faulty_programs/FIND_IN_SORTED.java:103:103 |","false","false","0.0","0.0","-5.0"
"faulty_programs.FIND_IN_SORTED.faulty_programs.FIND_IN_SORTED.find_in_sorted(int[],int)","| gin.edit.modifynode.ReplaceExpression quixbugs/faulty_programs/FIND_IN_SORTED.java:107 -> quixbugs/faulty_programs/FIND_IN_SORTED.java:105 |","false","false","0.0","0.0","-5.0"
"faulty_programs.FIND_IN_SORTED.faulty_programs.FIND_IN_SORTED.find_in_sorted(int[],int)","| gin.edit.modifynode.SwapExpression quixbugs/faulty_programs/FIND_IN_SORTED.java:109 <-> quixbugs/faulty_programs/FIND_IN_SORTED.java:111 | gin.edit.statement.DeleteStatement quixbugs/faulty_programs/FIND_IN_SORTED.java:104 |","false","false","0.0","0.0","-5.0"
"faulty_programs.FIND_IN_SORTED.faulty_programs.FIND_IN_SORTED.find_in_sorted(int[],int)","| gin.edit.modifynode.SwapExpression quixbugs/faulty_programs/FIND_IN_SORTED.java:109 <-> quixbugs/faulty_programs/FIND_IN_SORTED.java:111 | gin.edit.statement.SwapStatement quixbugs/faulty_programs/FIND_IN_SORTED.java:104 <-> quixbugs/faulty_programs/FIND_IN_SORTED.java:103 |","true","false","0.0","0.0","-5.0"
"faulty_programs.FIND_IN_SORTED.faulty_programs.FIND_IN_SORTED.find_in_sorted(int[],int)","| gin.edit.statement.SwapStatement quixbugs/faulty_programs/FIND_IN_SORTED.java:104 <-> quixbugs/faulty_programs/FIND_IN_SORTED.java:104 |","true","false","7.15826","5.0","0.0"
"faulty_programs.FIND_IN_SORTED.faulty_programs.FIND_IN_SORTED.find_in_sorted(int[],int)","| gin.edit.statement.SwapStatement quixbugs/faulty_programs/FIND_IN_SORTED.java:103 <-> quixbugs/faulty_programs/FIND_IN_SORTED.java:104 |","true","false","0.0","0.0","-5.0"
"faulty_programs.FIND_IN_SORTED.faulty_programs.FIND_IN_SORTED.find_in_sorted(int[],int)","|","true","false","7.212727","5.0","0.0"
"faulty_programs.FIND_IN_SORTED.faulty_programs.FIND_IN_SORTED.find_in_sorted(int[],int)","| gin.edit.statement.DeleteStatement quixbugs/faulty_programs/FIND_IN_SORTED.java:103 |","false","false","0.0","0.0","-5.0"
"faulty_programs.FIND_IN_SORTED.faulty_programs.FIND_IN_SORTED.find_in_sorted(int[],int)","| gin.edit.statement.CopyStatement quixbugs/faulty_programs/FIND_IN_SORTED.java:47 -> quixbugs/faulty_programs/FIND_IN_SORTED.java:103:104 |","false","false","0.0","0.0","-5.0"
"faulty_programs.FIND_IN_SORTED.faulty_programs.FIND_IN_SORTED.find_in_sorted(int[],int)","| gin.edit.modifynode.ReplaceExpression quixbugs/faulty_programs/FIND_IN_SORTED.java:25 -> quixbugs/faulty_programs/FIND_IN_SORTED.java:111 |","false","false","0.0","0.0","-5.0"
"faulty_programs.FIND_IN_SORTED.faulty_programs.FIND_IN_SORTED.find_in_sorted(int[],int)","| gin.edit.statement.CopyStatement quixbugs/faulty_programs/FIND_IN_SORTED.java:28 -> quixbugs/faulty_programs/FIND_IN_SORTED.java:103:104 |","false","false","0.0","0.0","-5.0"
"faulty_programs.FIND_IN_SORTED.faulty_programs.FIND_IN_SORTED.find_in_sorted(int[],int)","| gin.edit.statement.ReplaceStatement quixbugs/faulty_programs/FIND_IN_SORTED.java:21 -> quixbugs/faulty_programs/FIND_IN_SORTED.java:104 |","false","false","0.0","0.0","-5.0"
"faulty_programs.FIND_IN_SORTED.faulty_programs.FIND_IN_SORTED.find_in_sorted(int[],int)","| gin.edit.modifynode.ReplaceExpression quixbugs/faulty_programs/FIND_IN_SORTED.java:22 -> quixbugs/faulty_programs/FIND_IN_SORTED.java:107 |","false","false","0.0","0.0","-5.0"
"faulty_programs.FIND_IN_SORTED.faulty_programs.FIND_IN_SORTED.find_in_sorted(int[],int)","| gin.edit.statement.SwapStatement quixbugs/faulty_programs/FIND_IN_SORTED.java:104 <-> quixbugs/faulty_programs/FIND_IN_SORTED.java:104 | gin.edit.statement.SwapStatement quixbugs/faulty_programs/FIND_IN_SORTED.java:103 <-> quixbugs/faulty_programs/FIND_IN_SORTED.java:103 |","true","false","6.854478","5.0","0.0"
"faulty_programs.FIND_IN_SORTED.faulty_programs.FIND_IN_SORTED.find_in_sorted(int[],int)","| gin.edit.statement.CopyStatement quixbugs/faulty_programs/FIND_IN_SORTED.java:47 -> quixbugs/faulty_programs/FIND_IN_SORTED.java:103:103 |","false","false","0.0","0.0","-5.0"
"faulty_programs.FIND_IN_SORTED.faulty_programs.FIND_IN_SORTED.find_in_sorted(int[],int)","| gin.edit.statement.SwapStatement quixbugs/faulty_programs/FIND_IN_SORTED.java:104 <-> quixbugs/faulty_programs/FIND_IN_SORTED.java:104 |","true","false","6.713618","5.0","0.0"
"faulty_programs.FIND_IN_SORTED.faulty_programs.FIND_IN_SORTED.find_in_sorted(int[],int)","| gin.edit.statement.SwapStatement quixbugs/faulty_programs/FIND_IN_SORTED.java:104 <-> quixbugs/faulty_programs/FIND_IN_SORTED.java:104 | gin.edit.statement.CopyStatement quixbugs/faulty_programs/FIND_IN_SORTED.java:21 -> quixbugs/faulty_programs/FIND_IN_SORTED.java:103:103 |","false","false","0.0","0.0","-5.0"
"faulty_programs.FIND_IN_SORTED.faulty_programs.FIND_IN_SORTED.find_in_sorted(int[],int)","| gin.edit.statement.ReplaceStatement quixbugs/faulty_programs/FIND_IN_SORTED.java:28 -> quixbugs/faulty_programs/FIND_IN_SORTED.java:104 | gin.edit.modifynode.SwapExpression quixbugs/faulty_programs/FIND_IN_SORTED.java:109 <-> quixbugs/faulty_programs/FIND_IN_SORTED.java:113 |","true","false","1.630176","11.0","6.0"
"faulty_programs.FIND_IN_SORTED.faulty_programs.FIND_IN_SORTED.find_in_sorted(int[],int)","| gin.edit.statement.ReplaceStatement quixbugs/faulty_programs/FIND_IN_SORTED.java:31 -> quixbugs/faulty_programs/FIND_IN_SORTED.java:104 |","false","false","0.0","0.0","-5.0"
"faulty_programs.FIND_IN_SORTED.faulty_programs.FIND_IN_SORTED.find_in_sorted(int[],int)","| gin.edit.statement.ReplaceStatement quixbugs/faulty_programs/FIND_IN_SORTED.java:28 -> quixbugs/faulty_programs/FIND_IN_SORTED.java:104 |","true","false","1.712883","11.0","6.0"
"faulty_programs.FIND_IN_SORTED.faulty_programs.FIND_IN_SORTED.find_in_sorted(int[],int)","| gin.edit.statement.ReplaceStatement quixbugs/faulty_programs/FIND_IN_SORTED.java:28 -> quixbugs/faulty_programs/FIND_IN_SORTED.java:104 | gin.edit.modifynode.SwapExpression quixbugs/faulty_programs/FIND_IN_SORTED.java:111 <-> quixbugs/faulty_programs/FIND_IN_SORTED.java:112 |","true","false","1.367295","11.0","6.0"
"faulty_programs.FIND_IN_SORTED.faulty_programs.FIND_IN_SORTED.find_in_sorted(int[],int)","| gin.edit.statement.ReplaceStatement quixbugs/faulty_programs/FIND_IN_SORTED.java:47 -> quixbugs/faulty_programs/FIND_IN_SORTED.java:104 |","false","false","0.0","0.0","-5.0"
"faulty_programs.FIND_IN_SORTED.faulty_programs.FIND_IN_SORTED.find_in_sorted(int[],int)","|","true","false","7.138632","5.0","0.0"
"faulty_programs.FIND_IN_SORTED.faulty_programs.FIND_IN_SORTED.find_in_sorted(int[],int)","| gin.edit.modifynode.SwapExpression quixbugs/faulty_programs/FIND_IN_SORTED.java:112 <-> quixbugs/faulty_programs/FIND_IN_SORTED.java:113 |","false","false","0.0","0.0","-5.0"
"faulty_programs.FIND_IN_SORTED.faulty_programs.FIND_IN_SORTED.find_in_sorted(int[],int)","| gin.edit.statement.DeleteStatement quixbugs/faulty_programs/FIND_IN_SORTED.java:104 |","false","false","0.0","0.0","-5.0"
"faulty_programs.FIND_IN_SORTED.faulty_programs.FIND_IN_SORTED.find_in_sorted(int[],int)","| gin.edit.statement.ReplaceStatement quixbugs/faulty_programs/FIND_IN_SORTED.java:28 -> quixbugs/faulty_programs/FIND_IN_SORTED.java:104 | gin.edit.modifynode.ReplaceExpression quixbugs/faulty_programs/FIND_IN_SORTED.java:70 -> quixbugs/faulty_programs/FIND_IN_SORTED.java:113 |","true","false","1.577198","11.0","6.0"
"faulty_programs.FIND_IN_SORTED.faulty_programs.FIND_IN_SORTED.find_in_sorted(int[],int)","|","true","false","6.981146","5.0","0.0"
"faulty_programs.FIND_IN_SORTED.faulty_programs.FIND_IN_SORTED.find_in_sorted(int[],int)","| gin.edit.statement.ReplaceStatement quixbugs/faulty_programs/FIND_IN_SORTED.java:28 -> quixbugs/faulty_programs/FIND_IN_SORTED.java:104 | gin.edit.modifynode.SwapExpression quixbugs/faulty_programs/FIND_IN_SORTED.java:105 <-> quixbugs/faulty_programs/FIND_IN_SORTED.java:113 |","true","false","1.413735","11.0","6.0"
"faulty_programs.FIND_IN_SORTED.faulty_programs.FIND_IN_SORTED.find_in_sorted(int[],int)","| gin.edit.modifynode.SwapExpression quixbugs/faulty_programs/FIND_IN_SORTED.java:109 <-> quixbugs/faulty_programs/FIND_IN_SORTED.java:111 |","true","false","1.991829","6.0","1.0"
"faulty_programs.FIND_IN_SORTED.faulty_programs.FIND_IN_SORTED.find_in_sorted(int[],int)","| gin.edit.statement.SwapStatement quixbugs/faulty_programs/FIND_IN_SORTED.java:104 <-> quixbugs/faulty_programs/FIND_IN_SORTED.java:104 | gin.edit.statement.CopyStatement quixbugs/faulty_programs/FIND_IN_SORTED.java:31 -> quixbugs/faulty_programs/FIND_IN_SORTED.java:103:103 |","false","false","0.0","0.0","-5.0"
"faulty_programs.FIND_IN_SORTED.faulty_programs.FIND_IN_SORTED.find_in_sorted(int[],int)","| gin.edit.statement.SwapStatement quixbugs/faulty_programs/FIND_IN_SORTED.java:104 <-> quixbugs/faulty_programs/FIND_IN_SORTED.java:104 | gin.edit.modifynode.SwapExpression quixbugs/faulty_programs/FIND_IN_SORTED.java:107 <-> quixbugs/faulty_programs/FIND_IN_SORTED.java:113 |","true","false","8.281717","5.0","0.0"
"faulty_programs.FIND_IN_SORTED.faulty_programs.FIND_IN_SORTED.find_in_sorted(int[],int)","| gin.edit.statement.SwapStatement quixbugs/faulty_programs/FIND_IN_SORTED.java:104 <-> quixbugs/faulty_programs/FIND_IN_SORTED.java:104 | gin.edit.statement.SwapStatement quixbugs/faulty_programs/FIND_IN_SORTED.java:104 <-> quixbugs/faulty_programs/FIND_IN_SORTED.java:104 | gin.edit.modifynode.ReplaceExpression quixbugs/faulty_programs/FIND_IN_SORTED.java:41 -> quixbugs/faulty_programs/FIND_IN_SORTED.java:113 |","false","false","0.0","0.0","-5.0"
"faulty_programs.FIND_IN_SORTED.faulty_programs.FIND_IN_SORTED.find_in_sorted(int[],int)","| gin.edit.statement.SwapStatement quixbugs/faulty_programs/FIND_IN_SORTED.java:104 <-> quixbugs/faulty_programs/FIND_IN_SORTED.java:104 | gin.edit.statement.DeleteStatement quixbugs/faulty_programs/FIND_IN_SORTED.java:104 |","false","false","0.0","0.0","-5.0"
"faulty_programs.FIND_IN_SORTED.faulty_programs.FIND_IN_SORTED.find_in_sorted(int[],int)","| gin.edit.statement.ReplaceStatement quixbugs/faulty_programs/FIND_IN_SORTED.java:28 -> quixbugs/faulty_programs/FIND_IN_SORTED.java:104 | gin.edit.statement.DeleteStatement quixbugs/faulty_programs/FIND_IN_SORTED.java:104 |","true","false","1.602936","11.0","6.0"
"faulty_programs.FIND_IN_SORTED.faulty_programs.FIND_IN_SORTED.find_in_sorted(int[],int)","| gin.edit.statement.SwapStatement quixbugs/faulty_programs/FIND_IN_SORTED.java:104 <-> quixbugs/faulty_programs/FIND_IN_SORTED.java:104 | gin.edit.modifynode.SwapExpression quixbugs/faulty_programs/FIND_IN_SORTED.java:113 <-> quixbugs/faulty_programs/FIND_IN_SORTED.java:109 |","false","false","0.0","0.0","-5.0"
"faulty_programs.FIND_IN_SORTED.faulty_programs.FIND_IN_SORTED.find_in_sorted(int[],int)","| gin.edit.statement.ReplaceStatement quixbugs/faulty_programs/FIND_IN_SORTED.java:28 -> quixbugs/faulty_programs/FIND_IN_SORTED.java:104 | gin.edit.statement.CopyStatement quixbugs/faulty_programs/FIND_IN_SORTED.java:47 -> quixbugs/faulty_programs/FIND_IN_SORTED.java:103:103 |","false","false","0.0","0.0","-5.0"
"faulty_programs.FIND_IN_SORTED.faulty_programs.FIND_IN_SORTED.find_in_sorted(int[],int)","| gin.edit.statement.SwapStatement quixbugs/faulty_programs/FIND_IN_SORTED.java:104 <-> quixbugs/faulty_programs/FIND_IN_SORTED.java:104 | gin.edit.statement.ReplaceStatement quixbugs/faulty_programs/FIND_IN_SORTED.java:28 -> quixbugs/faulty_programs/FIND_IN_SORTED.java:104 | gin.edit.statement.SwapStatement quixbugs/faulty_programs/FIND_IN_SORTED.java:104 <-> quixbugs/faulty_programs/FIND_IN_SORTED.java:104 |","true","false","1.616708","11.0","6.0"
"faulty_programs.FIND_IN_SORTED.faulty_programs.FIND_IN_SORTED.find_in_sorted(int[],int)","| gin.edit.statement.ReplaceStatement quixbugs/faulty_programs/FIND_IN_SORTED.java:28 -> quixbugs/faulty_programs/FIND_IN_SORTED.java:104 | gin.edit.statement.ReplaceStatement quixbugs/faulty_programs/FIND_IN_SORTED.java:27 -> quixbugs/faulty_programs/FIND_IN_SORTED.java:104 |","true","false","1.439182","11.0","6.0"
"faulty_programs.FIND_IN_SORTED.faulty_programs.FIND_IN_SORTED.find_in_sorted(int[],int)","| gin.edit.modifynode.SwapExpression quixbugs/faulty_programs/FIND_IN_SORTED.java:111 <-> quixbugs/faulty_programs/FIND_IN_SORTED.java:109 | gin.edit.modifynode.SwapExpression quixbugs/faulty_programs/FIND_IN_SORTED.java:109 <-> quixbugs/faulty_programs/FIND_IN_SORTED.java:111 | gin.edit.modifynode.SwapExpression quixbugs/faulty_programs/FIND_IN_SORTED.java:111 <-> quixbugs/faulty_programs/FIND_IN_SORTED.java:112 |","true","false","1.855847","6.0","1.0"
"faulty_programs.FIND_IN_SORTED.faulty_programs.FIND_IN_SORTED.find_in_sorted(int[],int)","| gin.edit.modifynode.SwapExpression quixbugs/faulty_programs/FIND_IN_SORTED.java:111 <-> quixbugs/faulty_programs/FIND_IN_SORTED.java:109 |","true","false","1.894446","6.0","1.0"
"faulty_programs.FIND_IN_SORTED.faulty_programs.FIND_IN_SORTED.find_in_sorted(int[],int)","| gin.edit.modifynode.SwapExpression quixbugs/faulty_programs/FIND_IN_SORTED.java:107 <-> quixbugs/faulty_programs/FIND_IN_SORTED.java:113 |","true","false","9.009492","5.0","0.0"
"faulty_programs.FIND_IN_SORTED.faulty_programs.FIND_IN_SORTED.find_in_sorted(int[],int)","| gin.edit.modifynode.SwapExpression quixbugs/faulty_programs/FIND_IN_SORTED.java:111 <-> quixbugs/faulty_programs/FIND_IN_SORTED.java:109 | gin.edit.modifynode.SwapExpression quixbugs/faulty_programs/FIND_IN_SORTED.java:109 <-> quixbugs/faulty_programs/FIND_IN_SORTED.java:111 | gin.edit.modifynode.ReplaceExpression quixbugs/faulty_programs/FIND_IN_SORTED.java:41 -> quixbugs/faulty_programs/FIND_IN_SORTED.java:113 |","false","false","0.0","0.0","-5.0"
"faulty_programs.FIND_IN_SORTED.faulty_programs.FIND_IN_SORTED.find_in_sorted(int[],int)","| gin.edit.statement.CopyStatement quixbugs/faulty_programs/FIND_IN_SORTED.java:20 -> quixbugs/faulty_programs/FIND_IN_SORTED.java:103:104 |","false","false","0.0","0.0","-5.0"
"faulty_programs.FIND_IN_SORTED.faulty_programs.FIND_IN_SORTED.find_in_sorted(int[],int)","| gin.edit.modifynode.SwapExpression quixbugs/faulty_programs/FIND_IN_SORTED.java:111 <-> quixbugs/faulty_programs/FIND_IN_SORTED.java:109 | gin.edit.modifynode.SwapExpression quixbugs/faulty_programs/FIND_IN_SORTED.java:109 <-> quixbugs/faulty_programs/FIND_IN_SORTED.java:111 |","true","false","1.690093","6.0","1.0"
"faulty_programs.FIND_IN_SORTED.faulty_programs.FIND_IN_SORTED.find_in_sorted(int[],int)","| gin.edit.modifynode.SwapExpression quixbugs/faulty_programs/FIND_IN_SORTED.java:111 <-> quixbugs/faulty_programs/FIND_IN_SORTED.java:109 | gin.edit.modifynode.SwapExpression quixbugs/faulty_programs/FIND_IN_SORTED.java:109 <-> quixbugs/faulty_programs/FIND_IN_SORTED.java:111 |","true","false","14.27254","6.0","1.0"
"faulty_programs.FIND_IN_SORTED.faulty_programs.FIND_IN_SORTED.find_in_sorted(int[],int)","| gin.edit.statement.SwapStatement quixbugs/faulty_programs/FIND_IN_SORTED.java:104 <-> quixbugs/faulty_programs/FIND_IN_SORTED.java:104 | gin.edit.statement.ReplaceStatement quixbugs/faulty_programs/FIND_IN_SORTED.java:28 -> quixbugs/faulty_programs/FIND_IN_SORTED.java:104 | gin.edit.statement.SwapStatement quixbugs/faulty_programs/FIND_IN_SORTED.java:104 <-> quixbugs/faulty_programs/FIND_IN_SORTED.java:104 |","true","false","1.672917","11.0","6.0"
"faulty_programs.FIND_IN_SORTED.faulty_programs.FIND_IN_SORTED.find_in_sorted(int[],int)","| gin.edit.statement.SwapStatement quixbugs/faulty_programs/FIND_IN_SORTED.java:104 <-> quixbugs/faulty_programs/FIND_IN_SORTED.java:104 | gin.edit.statement.ReplaceStatement quixbugs/faulty_programs/FIND_IN_SORTED.java:28 -> quixbugs/faulty_programs/FIND_IN_SORTED.java:104 | gin.edit.statement.SwapStatement quixbugs/faulty_programs/FIND_IN_SORTED.java:104 <-> quixbugs/faulty_programs/FIND_IN_SORTED.java:104 | gin.edit.statement.ReplaceStatement quixbugs/faulty_programs/FIND_IN_SORTED.java:104 -> quixbugs/faulty_programs/FIND_IN_SORTED.java:104 |","true","false","1.493863","11.0","6.0"
"faulty_programs.FIND_IN_SORTED.faulty_programs.FIND_IN_SORTED.find_in_sorted(int[],int)","| gin.edit.statement.SwapStatement quixbugs/faulty_programs/FIND_IN_SORTED.java:104 <-> quixbugs/faulty_programs/FIND_IN_SORTED.java:104 | gin.edit.statement.ReplaceStatement quixbugs/faulty_programs/FIND_IN_SORTED.java:28 -> quixbugs/faulty_programs/FIND_IN_SORTED.java:104 | gin.edit.statement.SwapStatement quixbugs/faulty_programs/FIND_IN_SORTED.java:104 <-> quixbugs/faulty_programs/FIND_IN_SORTED.java:104 | gin.edit.statement.CopyStatement quixbugs/faulty_programs/FIND_IN_SORTED.java:56 -> quixbugs/faulty_programs/FIND_IN_SORTED.java:103:104 |","true","false","2.107296","11.0","6.0"
"faulty_programs.FIND_IN_SORTED.faulty_programs.FIND_IN_SORTED.find_in_sorted(int[],int)","| gin.edit.statement.SwapStatement quixbugs/faulty_programs/FIND_IN_SORTED.java:104 <-> quixbugs/faulty_programs/FIND_IN_SORTED.java:104 | gin.edit.statement.ReplaceStatement quixbugs/faulty_programs/FIND_IN_SORTED.java:28 -> quixbugs/faulty_programs/FIND_IN_SORTED.java:104 | gin.edit.statement.ReplaceStatement quixbugs/faulty_programs/FIND_IN_SORTED.java:28 -> quixbugs/faulty_programs/FIND_IN_SORTED.java:104 | gin.edit.statement.SwapStatement quixbugs/faulty_programs/FIND_IN_SORTED.java:103 <-> quixbugs/faulty_programs/FIND_IN_SORTED.java:103 |","true","false","1.591974","11.0","6.0"
"faulty_programs.FIND_IN_SORTED.faulty_programs.FIND_IN_SORTED.find_in_sorted(int[],int)","| gin.edit.statement.ReplaceStatement quixbugs/faulty_programs/FIND_IN_SORTED.java:28 -> quixbugs/faulty_programs/FIND_IN_SORTED.java:104 | gin.edit.modifynode.SwapExpression quixbugs/faulty_programs/FIND_IN_SORTED.java:111 <-> quixbugs/faulty_programs/FIND_IN_SORTED.java:112 | gin.edit.statement.SwapStatement quixbugs/faulty_programs/FIND_IN_SORTED.java:104 <-> quixbugs/faulty_programs/FIND_IN_SORTED.java:104 |","true","false","1.611894","11.0","6.0"
"faulty_programs.FIND_IN_SORTED.faulty_programs.FIND_IN_SORTED.find_in_sorted(int[],int)","| gin.edit.statement.ReplaceStatement quixbugs/faulty_programs/FIND_IN_SORTED.java:28 -> quixbugs/faulty_programs/FIND_IN_SORTED.java:104 | gin.edit.modifynode.SwapExpression quixbugs/faulty_programs/FIND_IN_SORTED.java:105 <-> quixbugs/faulty_programs/FIND_IN_SORTED.java:113 |","true","false","1.535108","11.0","6.0"
"faulty_programs.FIND_IN_SORTED.faulty_programs.FIND_IN_SORTED.find_in_sorted(int[],int)","| gin.edit.statement.ReplaceStatement quixbugs/faulty_programs/FIND_IN_SORTED.java:28 -> quixbugs/faulty_programs/FIND_IN_SORTED.java:104 | gin.edit.modifynode.SwapExpression quixbugs/faulty_programs/FIND_IN_SORTED.java:105 <-> quixbugs/faulty_programs/FIND_IN_SORTED.java:113 | gin.edit.statement.SwapStatement quixbugs/faulty_programs/FIND_IN_SORTED.java:104 <-> quixbugs/faulty_programs/FIND_IN_SORTED.java:103 |","true","false","1.83223","11.0","6.0"
"faulty_programs.FIND_IN_SORTED.faulty_programs.FIND_IN_SORTED.find_in_sorted(int[],int)","| gin.edit.statement.ReplaceStatement quixbugs/faulty_programs/FIND_IN_SORTED.java:28 -> quixbugs/faulty_programs/FIND_IN_SORTED.java:104 | gin.edit.modifynode.SwapExpression quixbugs/faulty_programs/FIND_IN_SORTED.java:111 <-> quixbugs/faulty_programs/FIND_IN_SORTED.java:112 | gin.edit.statement.DeleteStatement quixbugs/faulty_programs/FIND_IN_SORTED.java:104 |","true","false","1.509877","11.0","6.0"
"faulty_programs.FIND_IN_SORTED.faulty_programs.FIND_IN_SORTED.find_in_sorted(int[],int)","| gin.edit.statement.ReplaceStatement quixbugs/faulty_programs/FIND_IN_SORTED.java:28 -> quixbugs/faulty_programs/FIND_IN_SORTED.java:104 | gin.edit.modifynode.SwapExpression quixbugs/faulty_programs/FIND_IN_SORTED.java:109 <-> quixbugs/faulty_programs/FIND_IN_SORTED.java:113 |","true","false","1.475366","11.0","6.0"
"faulty_programs.FIND_IN_SORTED.faulty_programs.FIND_IN_SORTED.find_in_sorted(int[],int)","| gin.edit.statement.ReplaceStatement quixbugs/faulty_programs/FIND_IN_SORTED.java:28 -> quixbugs/faulty_programs/FIND_IN_SORTED.java:104 | gin.edit.statement.DeleteStatement quixbugs/faulty_programs/FIND_IN_SORTED.java:104 | gin.edit.modifynode.ReplaceExpression quixbugs/faulty_programs/FIND_IN_SORTED.java:46 -> quixbugs/faulty_programs/FIND_IN_SORTED.java:105 |","true","false","1.571017","11.0","6.0"
"faulty_programs.FIND_IN_SORTED.faulty_programs.FIND_IN_SORTED.find_in_sorted(int[],int)","| gin.edit.modifynode.ReplaceExpression quixbugs/faulty_programs/FIND_IN_SORTED.java:37 -> quixbugs/faulty_programs/FIND_IN_SORTED.java:112 |","false","false","0.0","0.0","-5.0"
"faulty_programs.FIND_IN_SORTED.faulty_programs.FIND_IN_SORTED.find_in_sorted(int[],int)","| gin.edit.statement.DeleteStatement quixbugs/faulty_programs/FIND_IN_SORTED.java:104 | gin.edit.modifynode.SwapExpression quixbugs/faulty_programs/FIND_IN_SORTED.java:109 <-> quixbugs/faulty_programs/FIND_IN_SORTED.java:113 | gin.edit.modifynode.SwapExpression quixbugs/faulty_programs/FIND_IN_SORTED.java:112 <-> quixbugs/faulty_programs/FIND_IN_SORTED.java:111 |","false","false","0.0","0.0","-5.0"
"faulty_programs.FIND_IN_SORTED.faulty_programs.FIND_IN_SORTED.find_in_sorted(int[],int)","| gin.edit.statement.SwapStatement quixbugs/faulty_programs/FIND_IN_SORTED.java:104 <-> quixbugs/faulty_programs/FIND_IN_SORTED.java:104 | gin.edit.statement.ReplaceStatement quixbugs/faulty_programs/FIND_IN_SORTED.java:28 -> quixbugs/faulty_programs/FIND_IN_SORTED.java:104 | gin.edit.statement.SwapStatement quixbugs/faulty_programs/FIND_IN_SORTED.java:104 <-> quixbugs/faulty_programs/FIND_IN_SORTED.java:104 | gin.edit.modifynode.SwapExpression quixbugs/faulty_programs/FIND_IN_SORTED.java:111 <-> quixbugs/faulty_programs/FIND_IN_SORTED.java:105 |","true","false","1.658364","11.0","6.0"
"faulty_programs.FIND_IN_SORTED.faulty_programs.FIND_IN_SORTED.find_in_sorted(int[],int)","| gin.edit.statement.ReplaceStatement quixbugs/faulty_programs/FIND_IN_SORTED.java:28 -> quixbugs/faulty_programs/FIND_IN_SORTED.java:104 | gin.edit.statement.DeleteStatement quixbugs/faulty_programs/FIND_IN_SORTED.java:104 | gin.edit.modifynode.ReplaceExpression quixbugs/faulty_programs/FIND_IN_SORTED.java:109 -> quixbugs/faulty_programs/FIND_IN_SORTED.java:111 |","true","false","1.641848","11.0","6.0"
"faulty_programs.FIND_IN_SORTED.faulty_programs.FIND_IN_SORTED.find_in_sorted(int[],int)","| gin.edit.statement.SwapStatement quixbugs/faulty_programs/FIND_IN_SORTED.java:104 <-> quixbugs/faulty_programs/FIND_IN_SORTED.java:104 | gin.edit.statement.SwapStatement quixbugs/faulty_programs/FIND_IN_SORTED.java:104 <-> quixbugs/faulty_programs/FIND_IN_SORTED.java:104 | gin.edit.statement.ReplaceStatement quixbugs/faulty_programs/FIND_IN_SORTED.java:28 -> quixbugs/faulty_programs/FIND_IN_SORTED.java:104 | gin.edit.statement.DeleteStatement quixbugs/faulty_programs/FIND_IN_SORTED.java:104 | gin.edit.modifynode.ReplaceExpression quixbugs/faulty_programs/FIND_IN_SORTED.java:41 -> quixbugs/faulty_programs/FIND_IN_SORTED.java:107 |","true","false","1.432301","11.0","6.0"
"faulty_programs.FIND_IN_SORTED.faulty_programs.FIND_IN_SORTED.find_in_sorted(int[],int)","| gin.edit.statement.ReplaceStatement quixbugs/faulty_programs/FIND_IN_SORTED.java:28 -> quixbugs/faulty_programs/FIND_IN_SORTED.java:104 | gin.edit.statement.SwapStatement quixbugs/faulty_programs/FIND_IN_SORTED.java:104 <-> quixbugs/faulty_programs/FIND_IN_SORTED.java:104 |","true","false","1.625329","11.0","6.0"
"faulty_programs.FIND_IN_SORTED.faulty_programs.FIND_IN_SORTED.find_in_sorted(int[],int)","| gin.edit.statement.ReplaceStatement quixbugs/faulty_programs/FIND_IN_SORTED.java:47 -> quixbugs/faulty_programs/FIND_IN_SORTED.java:104 |","false","false","0.0","0.0","-5.0"
"faulty_programs.FIND_IN_SORTED.faulty_programs.FIND_IN_SORTED.find_in_sorted(int[],int)","| gin.edit.statement.ReplaceStatement quixbugs/faulty_programs/FIND_IN_SORTED.java:28 -> quixbugs/faulty_programs/FIND_IN_SORTED.java:104 | gin.edit.modifynode.SwapExpression quixbugs/faulty_programs/FIND_IN_SORTED.java:111 <-> quixbugs/faulty_programs/FIND_IN_SORTED.java:112 | gin.edit.modifynode.SwapExpression quixbugs/faulty_programs/FIND_IN_SORTED.java:109 <-> quixbugs/faulty_programs/FIND_IN_SORTED.java:113 |","true","false","1.661251","11.0","6.0"
"faulty_programs.FIND_IN_SORTED.faulty_programs.FIND_IN_SORTED.find_in_sorted(int[],int)","| gin.edit.statement.ReplaceStatement quixbugs/faulty_programs/FIND_IN_SORTED.java:28 -> quixbugs/faulty_programs/FIND_IN_SORTED.java:104 | gin.edit.modifynode.SwapExpression quixbugs/faulty_programs/FIND_IN_SORTED.java:111 <-> quixbugs/faulty_programs/FIND_IN_SORTED.java:112 | gin.edit.statement.ReplaceStatement quixbugs/faulty_programs/FIND_IN_SORTED.java:27 -> quixbugs/faulty_programs/FIND_IN_SORTED.java:103 |","true","false","1.65823","11.0","6.0"
"faulty_programs.FIND_IN_SORTED.faulty_programs.FIND_IN_SORTED.find_in_sorted(int[],int)","| gin.edit.statement.ReplaceStatement quixbugs/faulty_programs/FIND_IN_SORTED.java:28 -> quixbugs/faulty_programs/FIND_IN_SORTED.java:104 | gin.edit.modifynode.SwapExpression quixbugs/faulty_programs/FIND_IN_SORTED.java:111 <-> quixbugs/faulty_programs/FIND_IN_SORTED.java:112 |","true","false","1.65632","11.0","6.0"
"faulty_programs.FIND_IN_SORTED.faulty_programs.FIND_IN_SORTED.find_in_sorted(int[],int)","| gin.edit.statement.ReplaceStatement quixbugs/faulty_programs/FIND_IN_SORTED.java:28 -> quixbugs/faulty_programs/FIND_IN_SORTED.java:104 | gin.edit.modifynode.SwapExpression quixbugs/faulty_programs/FIND_IN_SORTED.java:105 <-> quixbugs/faulty_programs/FIND_IN_SORTED.java:113 | gin.edit.statement.ReplaceStatement quixbugs/faulty_programs/FIND_IN_SORTED.java:28 -> quixbugs/faulty_programs/FIND_IN_SORTED.java:104 |","true","false","1.557171","11.0","6.0"
"faulty_programs.FIND_IN_SORTED.faulty_programs.FIND_IN_SORTED.find_in_sorted(int[],int)","| gin.edit.statement.ReplaceStatement quixbugs/faulty_programs/FIND_IN_SORTED.java:28 -> quixbugs/faulty_programs/FIND_IN_SORTED.java:104 | gin.edit.statement.SwapStatement quixbugs/faulty_programs/FIND_IN_SORTED.java:103 <-> quixbugs/faulty_programs/FIND_IN_SORTED.java:104 |","true","false","1.555115","11.0","6.0"
"faulty_programs.FIND_IN_SORTED.faulty_programs.FIND_IN_SORTED.find_in_sorted(int[],int)","| gin.edit.statement.ReplaceStatement quixbugs/faulty_programs/FIND_IN_SORTED.java:28 -> quixbugs/faulty_programs/FIND_IN_SORTED.java:104 | gin.edit.modifynode.SwapExpression quixbugs/faulty_programs/FIND_IN_SORTED.java:105 <-> quixbugs/faulty_programs/FIND_IN_SORTED.java:113 | gin.edit.statement.ReplaceStatement quixbugs/faulty_programs/FIND_IN_SORTED.java:28 -> quixbugs/faulty_programs/FIND_IN_SORTED.java:104 | gin.edit.modifynode.ReplaceExpression quixbugs/faulty_programs/FIND_IN_SORTED.java:83 -> quixbugs/faulty_programs/FIND_IN_SORTED.java:107 |","true","false","1.707165","11.0","6.0"
"faulty_programs.FIND_IN_SORTED.faulty_programs.FIND_IN_SORTED.find_in_sorted(int[],int)","| gin.edit.modifynode.ReplaceExpression quixbugs/faulty_programs/FIND_IN_SORTED.java:105 -> quixbugs/faulty_programs/FIND_IN_SORTED.java:107 |","false","false","0.0","0.0","-5.0"
"faulty_programs.FIND_IN_SORTED.faulty_programs.FIND_IN_SORTED.find_in_sorted(int[],int)","| gin.edit.statement.ReplaceStatement quixbugs/faulty_programs/FIND_IN_SORTED.java:28 -> quixbugs/faulty_programs/FIND_IN_SORTED.java:104 | gin.edit.modifynode.SwapExpression quixbugs/faulty_programs/FIND_IN_SORTED.java:105 <-> quixbugs/faulty_programs/FIND_IN_SORTED.java:113 | gin.edit.statement.SwapStatement quixbugs/faulty_programs/FIND_IN_SORTED.java:103 <-> quixbugs/faulty_programs/FIND_IN_SORTED.java:104 |","true","false","1.334091","11.0","6.0"
"faulty_programs.FIND_IN_SORTED.faulty_programs.FIND_IN_SORTED.find_in_sorted(int[],int)","| gin.edit.statement.ReplaceStatement quixbugs/faulty_programs/FIND_IN_SORTED.java:28 -> quixbugs/faulty_programs/FIND_IN_SORTED.java:104 | gin.edit.modifynode.ReplaceExpression quixbugs/faulty_programs/FIND_IN_SORTED.java:70 -> quixbugs/faulty_programs/FIND_IN_SORTED.java:113 | gin.edit.modifynode.ReplaceExpression quixbugs/faulty_programs/FIND_IN_SORTED.java:83 -> quixbugs/faulty_programs/FIND_IN_SORTED.java:105 |","true","false","1.543959","11.0","6.0"
"faulty_programs.FIND_IN_SORTED.faulty_programs.FIND_IN_SORTED.find_in_sorted(int[],int)","| gin.edit.modifynode.SwapExpression quixbugs/faulty_programs/FIND_IN_SORTED.java:105 <-> quixbugs/faulty_programs/FIND_IN_SORTED.java:113 | gin.edit.statement.ReplaceStatement quixbugs/faulty_programs/FIND_IN_SORTED.java:28 -> quixbugs/faulty_programs/FIND_IN_SORTED.java:104 |","true","false","1.332195","11.0","6.0"
"faulty_programs.FIND_IN_SORTED.faulty_programs.FIND_IN_SORTED.find_in_sorted(int[],int)","| gin.edit.modifynode.SwapExpression quixbugs/faulty_programs/FIND_IN_SORTED.java:105 <-> quixbugs/faulty_programs/FIND_IN_SORTED.java:113 | gin.edit.statement.DeleteStatement quixbugs/faulty_programs/FIND_IN_SORTED.java:104 |","false","false","0.0","0.0","-5.0"
"faulty_programs.FIND_IN_SORTED.faulty_programs.FIND_IN_SORTED.find_in_sorted(int[],int)","| gin.edit.statement.ReplaceStatement quixbugs/faulty_programs/FIND_IN_SORTED.java:28 -> quixbugs/faulty_programs/FIND_IN_SORTED.java:104 | gin.edit.statement.DeleteStatement quixbugs/faulty_programs/FIND_IN_SORTED.java:104 | gin.edit.modifynode.ReplaceExpression quixbugs/faulty_programs/FIND_IN_SORTED.java:81 -> quixbugs/faulty_programs/FIND_IN_SORTED.java:111 |","true","false","1.571495","11.0","6.0"
"faulty_programs.FIND_IN_SORTED.faulty_programs.FIND_IN_SORTED.find_in_sorted(int[],int)","| gin.edit.statement.ReplaceStatement quixbugs/faulty_programs/FIND_IN_SORTED.java:28 -> quixbugs/faulty_programs/FIND_IN_SORTED.java:104 | gin.edit.modifynode.ReplaceExpression quixbugs/faulty_programs/FIND_IN_SORTED.java:70 -> quixbugs/faulty_programs/FIND_IN_SORTED.java:113 |","true","false","17.332764","11.0","6.0"
"faulty_programs.FIND_IN_SORTED.faulty_programs.FIND_IN_SORTED.find_in_sorted(int[],int)","| gin.edit.statement.DeleteStatement quixbugs/faulty_programs/FIND_IN_SORTED.java:104 | gin.edit.modifynode.ReplaceExpression quixbugs/faulty_programs/FIND_IN_SORTED.java:70 -> quixbugs/faulty_programs/FIND_IN_SORTED.java:113 | gin.edit.statement.CopyStatement quixbugs/faulty_programs/FIND_IN_SORTED.java:104 -> quixbugs/faulty_programs/FIND_IN_SORTED.java:103:104 |","false","false","0.0","0.0","-5.0"
"faulty_programs.FIND_IN_SORTED.faulty_programs.FIND_IN_SORTED.find_in_sorted(int[],int)","| gin.edit.modifynode.ReplaceExpression quixbugs/faulty_programs/FIND_IN_SORTED.java:70 -> quixbugs/faulty_programs/FIND_IN_SORTED.java:113 | gin.edit.statement.ReplaceStatement quixbugs/faulty_programs/FIND_IN_SORTED.java:28 -> quixbugs/faulty_programs/FIND_IN_SORTED.java:104 | gin.edit.modifynode.ReplaceExpression quixbugs/faulty_programs/FIND_IN_SORTED.java:69 -> quixbugs/faulty_programs/FIND_IN_SORTED.java:112 |","true","false","1.744585","11.0","6.0"
"faulty_programs.FIND_IN_SORTED.faulty_programs.FIND_IN_SORTED.find_in_sorted(int[],int)","| gin.edit.statement.ReplaceStatement quixbugs/faulty_programs/FIND_IN_SORTED.java:28 -> quixbugs/faulty_programs/FIND_IN_SORTED.java:104 | gin.edit.modifynode.ReplaceExpression quixbugs/faulty_programs/FIND_IN_SORTED.java:70 -> quixbugs/faulty_programs/FIND_IN_SORTED.java:113 | gin.edit.statement.SwapStatement quixbugs/faulty_programs/FIND_IN_SORTED.java:103 <-> quixbugs/faulty_programs/FIND_IN_SORTED.java:104 |","true","false","1.320239","11.0","6.0"
"faulty_programs.FIND_IN_SORTED.faulty_programs.FIND_IN_SORTED.find_in_sorted(int[],int)","| gin.edit.statement.SwapStatement quixbugs/faulty_programs/FIND_IN_SORTED.java:104 <-> quixbugs/faulty_programs/FIND_IN_SORTED.java:104 | gin.edit.statement.ReplaceStatement quixbugs/faulty_programs/FIND_IN_SORTED.java:28 -> quixbugs/faulty_programs/FIND_IN_SORTED.java:104 | gin.edit.statement.SwapStatement quixbugs/faulty_programs/FIND_IN_SORTED.java:104 <-> quixbugs/faulty_programs/FIND_IN_SORTED.java:104 | gin.edit.statement.ReplaceStatement quixbugs/faulty_programs/FIND_IN_SORTED.java:27 -> quixbugs/faulty_programs/FIND_IN_SORTED.java:103 |","true","false","1.298457","11.0","6.0"
"faulty_programs.FIND_IN_SORTED.faulty_programs.FIND_IN_SORTED.find_in_sorted(int[],int)","| gin.edit.statement.ReplaceStatement quixbugs/faulty_programs/FIND_IN_SORTED.java:28 -> quixbugs/faulty_programs/FIND_IN_SORTED.java:104 | gin.edit.modifynode.ReplaceExpression quixbugs/faulty_programs/FIND_IN_SORTED.java:70 -> quixbugs/faulty_programs/FIND_IN_SORTED.java:113 | gin.edit.statement.SwapStatement quixbugs/faulty_programs/FIND_IN_SORTED.java:104 <-> quixbugs/faulty_programs/FIND_IN_SORTED.java:104 | gin.edit.statement.SwapStatement quixbugs/faulty_programs/FIND_IN_SORTED.java:104 <-> quixbugs/faulty_programs/FIND_IN_SORTED.java:104 | gin.edit.statement.DeleteStatement quixbugs/faulty_programs/FIND_IN_SORTED.java:103 |","false","false","0.0","0.0","-5.0"
"faulty_programs.FIND_IN_SORTED.faulty_programs.FIND_IN_SORTED.find_in_sorted(int[],int)","| gin.edit.statement.SwapStatement quixbugs/faulty_programs/FIND_IN_SORTED.java:104 <-> quixbugs/faulty_programs/FIND_IN_SORTED.java:104 | gin.edit.statement.ReplaceStatement quixbugs/faulty_programs/FIND_IN_SORTED.java:28 -> quixbugs/faulty_programs/FIND_IN_SORTED.java:104 | gin.edit.statement.DeleteStatement quixbugs/faulty_programs/FIND_IN_SORTED.java:104 |","true","false","1.595172","11.0","6.0"
"faulty_programs.FIND_IN_SORTED.faulty_programs.FIND_IN_SORTED.find_in_sorted(int[],int)","| gin.edit.statement.SwapStatement quixbugs/faulty_programs/FIND_IN_SORTED.java:104 <-> quixbugs/faulty_programs/FIND_IN_SORTED.java:104 | gin.edit.statement.ReplaceStatement quixbugs/faulty_programs/FIND_IN_SORTED.java:28 -> quixbugs/faulty_programs/FIND_IN_SORTED.java:104 | gin.edit.statement.SwapStatement quixbugs/faulty_programs/FIND_IN_SORTED.java:104 <-> quixbugs/faulty_programs/FIND_IN_SORTED.java:104 | gin.edit.statement.ReplaceStatement quixbugs/faulty_programs/FIND_IN_SORTED.java:27 -> quixbugs/faulty_programs/FIND_IN_SORTED.java:103 |","true","false","1.588077","11.0","6.0"
"faulty_programs.FIND_IN_SORTED.faulty_programs.FIND_IN_SORTED.find_in_sorted(int[],int)","| gin.edit.statement.ReplaceStatement quixbugs/faulty_programs/FIND_IN_SORTED.java:28 -> quixbugs/faulty_programs/FIND_IN_SORTED.java:104 |","true","false","1.640525","11.0","6.0"
"faulty_programs.FIND_IN_SORTED.faulty_programs.FIND_IN_SORTED.find_in_sorted(int[],int)","| gin.edit.statement.SwapStatement quixbugs/faulty_programs/FIND_IN_SORTED.java:104 <-> quixbugs/faulty_programs/FIND_IN_SORTED.java:104 | gin.edit.statement.SwapStatement quixbugs/faulty_programs/FIND_IN_SORTED.java:104 <-> quixbugs/faulty_programs/FIND_IN_SORTED.java:104 | gin.edit.modifynode.ReplaceExpression quixbugs/faulty_programs/FIND_IN_SORTED.java:52 -> quixbugs/faulty_programs/FIND_IN_SORTED.java:111 |","false","false","0.0","0.0","-5.0"
"faulty_programs.FIND_IN_SORTED.faulty_programs.FIND_IN_SORTED.find_in_sorted(int[],int)","| gin.edit.statement.ReplaceStatement quixbugs/faulty_programs/FIND_IN_SORTED.java:28 -> quixbugs/faulty_programs/FIND_IN_SORTED.java:104 | gin.edit.statement.SwapStatement quixbugs/faulty_programs/FIND_IN_SORTED.java:104 <-> quixbugs/faulty_programs/FIND_IN_SORTED.java:104 |","true","false","1.685646","11.0","6.0"
"faulty_programs.FIND_IN_SORTED.faulty_programs.FIND_IN_SORTED.find_in_sorted(int[],int)","| gin.edit.statement.ReplaceStatement quixbugs/faulty_programs/FIND_IN_SORTED.java:28 -> quixbugs/faulty_programs/FIND_IN_SORTED.java:104 | gin.edit.modifynode.ReplaceExpression quixbugs/faulty_programs/FIND_IN_SORTED.java:70 -> quixbugs/faulty_programs/FIND_IN_SORTED.java:113 | gin.edit.statement.CopyStatement quixbugs/faulty_programs/FIND_IN_SORTED.java:104 -> quixbugs/faulty_programs/FIND_IN_SORTED.java:103:104 |","true","false","1.659326","11.0","6.0"
"faulty_programs.FIND_IN_SORTED.faulty_programs.FIND_IN_SORTED.find_in_sorted(int[],int)","| gin.edit.statement.SwapStatement quixbugs/faulty_programs/FIND_IN_SORTED.java:104 <-> quixbugs/faulty_programs/FIND_IN_SORTED.java:104 | gin.edit.statement.ReplaceStatement quixbugs/faulty_programs/FIND_IN_SORTED.java:28 -> quixbugs/faulty_programs/FIND_IN_SORTED.java:104 | gin.edit.statement.SwapStatement quixbugs/faulty_programs/FIND_IN_SORTED.java:104 <-> quixbugs/faulty_programs/FIND_IN_SORTED.java:104 | gin.edit.statement.ReplaceStatement quixbugs/faulty_programs/FIND_IN_SORTED.java:27 -> quixbugs/faulty_programs/FIND_IN_SORTED.java:103 | gin.edit.statement.CopyStatement quixbugs/faulty_programs/FIND_IN_SORTED.java:28 -> quixbugs/faulty_programs/FIND_IN_SORTED.java:103:104 |","true","false","1.561223","11.0","6.0"
"faulty_programs.FIND_IN_SORTED.faulty_programs.FIND_IN_SORTED.find_in_sorted(int[],int)","| gin.edit.statement.SwapStatement quixbugs/faulty_programs/FIND_IN_SORTED.java:104 <-> quixbugs/faulty_programs/FIND_IN_SORTED.java:104 | gin.edit.statement.ReplaceStatement quixbugs/faulty_programs/FIND_IN_SORTED.java:28 -> quixbugs/faulty_programs/FIND_IN_SORTED.java:104 | gin.edit.statement.SwapStatement quixbugs/faulty_programs/FIND_IN_SORTED.java:104 <-> quixbugs/faulty_programs/FIND_IN_SORTED.java:104 | gin.edit.statement.ReplaceStatement quixbugs/faulty_programs/FIND_IN_SORTED.java:27 -> quixbugs/faulty_programs/FIND_IN_SORTED.java:103 | gin.edit.modifynode.ReplaceExpression quixbugs/faulty_programs/FIND_IN_SORTED.java:52 -> quixbugs/faulty_programs/FIND_IN_SORTED.java:113 |","true","false","1.522709","11.0","6.0"
"faulty_programs.FIND_IN_SORTED.faulty_programs.FIND_IN_SORTED.find_in_sorted(int[],int)","| gin.edit.statement.SwapStatement quixbugs/faulty_programs/FIND_IN_SORTED.java:104 <-> quixbugs/faulty_programs/FIND_IN_SORTED.java:104 | gin.edit.statement.SwapStatement quixbugs/faulty_programs/FIND_IN_SORTED.java:104 <-> quixbugs/faulty_programs/FIND_IN_SORTED.java:104 | gin.edit.statement.ReplaceStatement quixbugs/faulty_programs/FIND_IN_SORTED.java:27 -> quixbugs/faulty_programs/FIND_IN_SORTED.java:103 |","true","false","1.516054","11.0","6.0"
"faulty_programs.FIND_IN_SORTED.faulty_programs.FIND_IN_SORTED.find_in_sorted(int[],int)","| gin.edit.statement.ReplaceStatement quixbugs/faulty_programs/FIND_IN_SORTED.java:28 -> quixbugs/faulty_programs/FIND_IN_SORTED.java:104 | gin.edit.statement.DeleteStatement quixbugs/faulty_programs/FIND_IN_SORTED.java:104 | gin.edit.modifynode.ReplaceExpression quixbugs/faulty_programs/FIND_IN_SORTED.java:81 -> quixbugs/faulty_programs/FIND_IN_SORTED.java:111 |","true","false","14.041108","11.0","6.0"
"faulty_programs.FIND_IN_SORTED.faulty_programs.FIND_IN_SORTED.find_in_sorted(int[],int)","| gin.edit.statement.ReplaceStatement quixbugs/faulty_programs/FIND_IN_SORTED.java:28 -> quixbugs/faulty_programs/FIND_IN_SORTED.java:104 | gin.edit.statement.SwapStatement quixbugs/faulty_programs/FIND_IN_SORTED.java:104 <-> quixbugs/faulty_programs/FIND_IN_SORTED.java:104 | gin.edit.statement.ReplaceStatement quixbugs/faulty_programs/FIND_IN_SORTED.java:27 -> quixbugs/faulty_programs/FIND_IN_SORTED.java:104 |","true","false","1.729539","11.0","6.0"
"faulty_programs.FIND_IN_SORTED.faulty_programs.FIND_IN_SORTED.find_in_sorted(int[],int)","| gin.edit.modifynode.ReplaceExpression quixbugs/faulty_programs/FIND_IN_SORTED.java:81 -> quixbugs/faulty_programs/FIND_IN_SORTED.java:111 | gin.edit.statement.SwapStatement quixbugs/faulty_programs/FIND_IN_SORTED.java:104 <-> quixbugs/faulty_programs/FIND_IN_SORTED.java:104 | gin.edit.modifynode.ReplaceExpression quixbugs/faulty_programs/FIND_IN_SORTED.java:36 -> quixbugs/faulty_programs/FIND_IN_SORTED.java:112 |","false","false","0.0","0.0","-5.0"
"faulty_programs.FIND_IN_SORTED.faulty_programs.FIND_IN_SORTED.find_in_sorted(int[],int)","| gin.edit.statement.SwapStatement quixbugs/faulty_programs/FIND_IN_SORTED.java:104 <-> quixbugs/faulty_programs/FIND_IN_SORTED.java:104 | gin.edit.statement.DeleteStatement quixbugs/faulty_programs/FIND_IN_SORTED.java:104 | gin.edit.modifynode.ReplaceExpression quixbugs/faulty_programs/FIND_IN_SORTED.java:81 -> quixbugs/faulty_programs/FIND_IN_SORTED.java:111 |","false","false","0.0","0.0","-5.0"
"faulty_programs.FIND_IN_SORTED.faulty_programs.FIND_IN_SORTED.find_in_sorted(int[],int)","| gin.edit.modifynode.ReplaceExpression quixbugs/faulty_programs/FIND_IN_SORTED.java:70 -> quixbugs/faulty_programs/FIND_IN_SORTED.java:113 | gin.edit.statement.ReplaceStatement quixbugs/faulty_programs/FIND_IN_SORTED.java:28 -> quixbugs/faulty_programs/FIND_IN_SORTED.java:104 | gin.edit.modifynode.ReplaceExpression quixbugs/faulty_programs/FIND_IN_SORTED.java:69 -> quixbugs/faulty_programs/FIND_IN_SORTED.java:112 | gin.edit.statement.DeleteStatement quixbugs/faulty_programs/FIND_IN_SORTED.java:103 |","false","false","0.0","0.0","-5.0"
"faulty_programs.FIND_IN_SORTED.faulty_programs.FIND_IN_SORTED.find_in_sorted(int[],int)","| gin.edit.modifynode.SwapExpression quixbugs/faulty_programs/FIND_IN_SORTED.java:105 <-> quixbugs/faulty_programs/FIND_IN_SORTED.java:113 | gin.edit.statement.ReplaceStatement quixbugs/faulty_programs/FIND_IN_SORTED.java:28 -> quixbugs/faulty_programs/FIND_IN_SORTED.java:104 | gin.edit.modifynode.ReplaceExpression quixbugs/faulty_programs/FIND_IN_SORTED.java:87 -> quixbugs/faulty_programs/FIND_IN_SORTED.java:111 |","true","false","1.590428","11.0","6.0"
"faulty_programs.FIND_IN_SORTED.faulty_programs.FIND_IN_SORTED.find_in_sorted(int[],int)","| gin.edit.statement.ReplaceStatement quixbugs/faulty_programs/FIND_IN_SORTED.java:28 -> quixbugs/faulty_programs/FIND_IN_SORTED.java:104 | gin.edit.statement.ReplaceStatement quixbugs/faulty_programs/FIND_IN_SORTED.java:68 -> quixbugs/faulty_programs/FIND_IN_SORTED.java:103 |","true","false","0.0","0.0","-5.0"
"faulty_programs.FIND_IN_SORTED.faulty_programs.FIND_IN_SORTED.find_in_sorted(int[],int)","| gin.edit.modifynode.SwapExpression quixbugs/faulty_programs/FIND_IN_SORTED.java:105 <-> quixbugs/faulty_programs/FIND_IN_SORTED.java:113 | gin.edit.statement.ReplaceStatement quixbugs/faulty_programs/FIND_IN_SORTED.java:28 -> quixbugs/faulty_programs/FIND_IN_SORTED.java:104 | gin.edit.modifynode.ReplaceExpression quixbugs/faulty_programs/FIND_IN_SORTED.java:70 -> quixbugs/faulty_programs/FIND_IN_SORTED.java:113 | gin.edit.statement.ReplaceStatement quixbugs/faulty_programs/FIND_IN_SORTED.java:28 -> quixbugs/faulty_programs/FIND_IN_SORTED.java:104 | gin.edit.statement.DeleteStatement quixbugs/faulty_programs/FIND_IN_SORTED.java:103 |","false","false","0.0","0.0","-5.0"
"faulty_programs.FIND_IN_SORTED.faulty_programs.FIND_IN_SORTED.find_in_sorted(int[],int)","| gin.edit.statement.SwapStatement quixbugs/faulty_programs/FIND_IN_SORTED.java:104 <-> quixbugs/faulty_programs/FIND_IN_SORTED.java:104 | gin.edit.statement.ReplaceStatement quixbugs/faulty_programs/FIND_IN_SORTED.java:28 -> quixbugs/faulty_programs/FIND_IN_SORTED.java:104 | gin.edit.statement.SwapStatement quixbugs/faulty_programs/FIND_IN_SORTED.java:104 <-> quixbugs/faulty_programs/FIND_IN_SORTED.java:104 | gin.edit.statement.ReplaceStatement quixbugs/faulty_programs/FIND_IN_SORTED.java:104 -> quixbugs/faulty_programs/FIND_IN_SORTED.java:104 |","true","false","1.318263","11.0","6.0"
"faulty_programs.FIND_IN_SORTED.faulty_programs.FIND_IN_SORTED.find_in_sorted(int[],int)","| gin.edit.statement.ReplaceStatement quixbugs/faulty_programs/FIND_IN_SORTED.java:28 -> quixbugs/faulty_programs/FIND_IN_SORTED.java:104 | gin.edit.modifynode.SwapExpression quixbugs/faulty_programs/FIND_IN_SORTED.java:105 <-> quixbugs/faulty_programs/FIND_IN_SORTED.java:113 | gin.edit.statement.SwapStatement quixbugs/faulty_programs/FIND_IN_SORTED.java:103 <-> quixbugs/faulty_programs/FIND_IN_SORTED.java:104 | gin.edit.statement.CopyStatement quixbugs/faulty_programs/FIND_IN_SORTED.java:78 -> quixbugs/faulty_programs/FIND_IN_SORTED.java:103:103 |","false","false","0.0","0.0","-5.0"
"faulty_programs.FIND_IN_SORTED.faulty_programs.FIND_IN_SORTED.find_in_sorted(int[],int)","| gin.edit.statement.SwapStatement quixbugs/faulty_programs/FIND_IN_SORTED.java:104 <-> quixbugs/faulty_programs/FIND_IN_SORTED.java:104 | gin.edit.statement.ReplaceStatement quixbugs/faulty_programs/FIND_IN_SORTED.java:104 -> quixbugs/faulty_programs/FIND_IN_SORTED.java:104 | gin.edit.modifynode.ReplaceExpression quixbugs/faulty_programs/FIND_IN_SORTED.java:42 -> quixbugs/faulty_programs/FIND_IN_SORTED.java:113 |","false","false","0.0","0.0","-5.0"
"faulty_programs.FIND_IN_SORTED.faulty_programs.FIND_IN_SORTED.find_in_sorted(int[],int)","| gin.edit.statement.ReplaceStatement quixbugs/faulty_programs/FIND_IN_SORTED.java:28 -> quixbugs/faulty_programs/FIND_IN_SORTED.java:104 | gin.edit.modifynode.SwapExpression quixbugs/faulty_programs/FIND_IN_SORTED.java:105 <-> quixbugs/faulty_programs/FIND_IN_SORTED.java:113 | gin.edit.statement.SwapStatement quixbugs/faulty_programs/FIND_IN_SORTED.java:104 <-> quixbugs/faulty_programs/FIND_IN_SORTED.java:104 | gin.edit.statement.ReplaceStatement quixbugs/faulty_programs/FIND_IN_SORTED.java:104 -> quixbugs/faulty_programs/FIND_IN_SORTED.java:104 |","true","false","1.722349","11.0","6.0"
"faulty_programs.FIND_IN_SORTED.faulty_programs.FIND_IN_SORTED.find_in_sorted(int[],int)","| gin.edit.statement.SwapStatement quixbugs/faulty_programs/FIND_IN_SORTED.java:104 <-> quixbugs/faulty_programs/FIND_IN_SORTED.java:104 | gin.edit.statement.ReplaceStatement quixbugs/faulty_programs/FIND_IN_SORTED.java:28 -> quixbugs/faulty_programs/FIND_IN_SORTED.java:104 | gin.edit.statement.SwapStatement quixbugs/faulty_programs/FIND_IN_SORTED.java:104 <-> quixbugs/faulty_programs/FIND_IN_SORTED.java:104 | gin.edit.statement.ReplaceStatement quixbugs/faulty_programs/FIND_IN_SORTED.java:27 -> quixbugs/faulty_programs/FIND_IN_SORTED.java:103 | gin.edit.statement.ReplaceStatement quixbugs/faulty_programs/FIND_IN_SORTED.java:68 -> quixbugs/faulty_programs/FIND_IN_SORTED.java:103 |","true","false","1.372422","11.0","6.0"
"faulty_programs.FIND_IN_SORTED.faulty_programs.FIND_IN_SORTED.find_in_sorted(int[],int)","| gin.edit.statement.ReplaceStatement quixbugs/faulty_programs/FIND_IN_SORTED.java:28 -> quixbugs/faulty_programs/FIND_IN_SORTED.java:104 | gin.edit.modifynode.SwapExpression quixbugs/faulty_programs/FIND_IN_SORTED.java:105 <-> quixbugs/faulty_programs/FIND_IN_SORTED.java:113 | gin.edit.statement.SwapStatement quixbugs/faulty_programs/FIND_IN_SORTED.java:104 <-> quixbugs/faulty_programs/FIND_IN_SORTED.java:103 | gin.edit.modifynode.SwapExpression quixbugs/faulty_programs/FIND_IN_SORTED.java:112 <-> quixbugs/faulty_programs/FIND_IN_SORTED.java:109 |","true","false","1.372995","11.0","6.0"
"faulty_programs.FIND_IN_SORTED.faulty_programs.FIND_IN_SORTED.find_in_sorted(int[],int)","| gin.edit.statement.ReplaceStatement quixbugs/faulty_programs/FIND_IN_SORTED.java:28 -> quixbugs/faulty_programs/FIND_IN_SORTED.java:104 | gin.edit.statement.SwapStatement quixbugs/faulty_programs/FIND_IN_SORTED.java:104 <-> quixbugs/faulty_programs/FIND_IN_SORTED.java:104 | gin.edit.modifynode.ReplaceExpression quixbugs/faulty_programs/FIND_IN_SORTED.java:72 -> quixbugs/faulty_programs/FIND_IN_SORTED.java:109 |","true","false","1.668469","11.0","6.0"
"faulty_programs.FIND_IN_SORTED.faulty_programs.FIND_IN_SORTED.find_in_sorted(int[],int)","| gin.edit.statement.SwapStatement quixbugs/faulty_programs/FIND_IN_SORTED.java:104 <-> quixbugs/faulty_programs/FIND_IN_SORTED.java:103 | gin.edit.statement.SwapStatement quixbugs/faulty_programs/FIND_IN_SORTED.java:104 <-> quixbugs/faulty_programs/FIND_IN_SORTED.java:104 | gin.edit.statement.DeleteStatement quixbugs/faulty_programs/FIND_IN_SORTED.java:103 |","false","false","0.0","0.0","-5.0"
"faulty_programs.FIND_IN_SORTED.faulty_programs.FIND_IN_SORTED.find_in_sorted(int[],int)","| gin.edit.statement.ReplaceStatement quixbugs/faulty_programs/FIND_IN_SORTED.java:28 -> quixbugs/faulty_programs/FIND_IN_SORTED.java:104 | gin.edit.statement.SwapStatement quixbugs/faulty_programs/FIND_IN_SORTED.java:104 <-> quixbugs/faulty_programs/FIND_IN_SORTED.java:104 |","true","false","1.724587","11.0","6.0"
"faulty_programs.FIND_IN_SORTED.faulty_programs.FIND_IN_SORTED.find_in_sorted(int[],int)","| gin.edit.modifynode.ReplaceExpression quixbugs/faulty_programs/FIND_IN_SORTED.java:70 -> quixbugs/faulty_programs/FIND_IN_SORTED.java:113 | gin.edit.statement.ReplaceStatement quixbugs/faulty_programs/FIND_IN_SORTED.java:28 -> quixbugs/faulty_programs/FIND_IN_SORTED.java:104 | gin.edit.modifynode.ReplaceExpression quixbugs/faulty_programs/FIND_IN_SORTED.java:69 -> quixbugs/faulty_programs/FIND_IN_SORTED.java:112 |","true","false","1.657709","11.0","6.0"
"faulty_programs.FIND_IN_SORTED.faulty_programs.FIND_IN_SORTED.find_in_sorted(int[],int)","| gin.edit.modifynode.ReplaceExpression quixbugs/faulty_programs/FIND_IN_SORTED.java:70 -> quixbugs/faulty_programs/FIND_IN_SORTED.java:113 | gin.edit.statement.ReplaceStatement quixbugs/faulty_programs/FIND_IN_SORTED.java:28 -> quixbugs/faulty_programs/FIND_IN_SORTED.java:104 | gin.edit.modifynode.ReplaceExpression quixbugs/faulty_programs/FIND_IN_SORTED.java:69 -> quixbugs/faulty_programs/FIND_IN_SORTED.java:112 | gin.edit.statement.DeleteStatement quixbugs/faulty_programs/FIND_IN_SORTED.java:103 |","false","false","0.0","0.0","-5.0"
"faulty_programs.FIND_IN_SORTED.faulty_programs.FIND_IN_SORTED.find_in_sorted(int[],int)","| gin.edit.modifynode.ReplaceExpression quixbugs/faulty_programs/FIND_IN_SORTED.java:69 -> quixbugs/faulty_programs/FIND_IN_SORTED.java:112 | gin.edit.statement.ReplaceStatement quixbugs/faulty_programs/FIND_IN_SORTED.java:28 -> quixbugs/faulty_programs/FIND_IN_SORTED.java:104 | gin.edit.statement.SwapStatement quixbugs/faulty_programs/FIND_IN_SORTED.java:104 <-> quixbugs/faulty_programs/FIND_IN_SORTED.java:104 | gin.edit.statement.DeleteStatement quixbugs/faulty_programs/FIND_IN_SORTED.java:104 |","true","false","1.717305","11.0","6.0"
"faulty_programs.FIND_IN_SORTED.faulty_programs.FIND_IN_SORTED.find_in_sorted(int[],int)","| gin.edit.statement.ReplaceStatement quixbugs/faulty_programs/FIND_IN_SORTED.java:28 -> quixbugs/faulty_programs/FIND_IN_SORTED.java:104 | gin.edit.modifynode.ReplaceExpression quixbugs/faulty_programs/FIND_IN_SORTED.java:70 -> quixbugs/faulty_programs/FIND_IN_SORTED.java:113 | gin.edit.modifynode.ReplaceExpression quixbugs/faulty_programs/FIND_IN_SORTED.java:83 -> quixbugs/faulty_programs/FIND_IN_SORTED.java:105 | gin.edit.statement.CopyStatement quixbugs/faulty_programs/FIND_IN_SORTED.java:104 -> quixbugs/faulty_programs/FIND_IN_SORTED.java:103:104 |","true","false","1.573289","11.0","6.0"
"faulty_programs.FIND_IN_SORTED.faulty_programs.FIND_IN_SORTED.find_in_sorted(int[],int)","| gin.edit.statement.ReplaceStatement quixbugs/faulty_programs/FIND_IN_SORTED.java:28 -> quixbugs/faulty_programs/FIND_IN_SORTED.java:104 | gin.edit.modifynode.SwapExpression quixbugs/faulty_programs/FIND_IN_SORTED.java:105 <-> quixbugs/faulty_programs/FIND_IN_SORTED.java:113 |","true","false","1.570888","11.0","6.0"
"faulty_programs.FIND_IN_SORTED.faulty_programs.FIND_IN_SORTED.find_in_sorted(int[],int)","| gin.edit.statement.ReplaceStatement quixbugs/faulty_programs/FIND_IN_SORTED.java:28 -> quixbugs/faulty_programs/FIND_IN_SORTED.java:104 | gin.edit.modifynode.ReplaceExpression quixbugs/faulty_programs/FIND_IN_SORTED.java:70 -> quixbugs/faulty_programs/FIND_IN_SORTED.java:113 | gin.edit.modifynode.SwapExpression quixbugs/faulty_programs/FIND_IN_SORTED.java:105 <-> quixbugs/faulty_programs/FIND_IN_SORTED.java:113 | gin.edit.statement.CopyStatement quixbugs/faulty_programs/FIND_IN_SORTED.java:28 -> quixbugs/faulty_programs/FIND_IN_SORTED.java:103:103 |","false","false","0.0","0.0","-5.0"
"faulty_programs.FIND_IN_SORTED.faulty_programs.FIND_IN_SORTED.find_in_sorted(int[],int)","| gin.edit.statement.ReplaceStatement quixbugs/faulty_programs/FIND_IN_SORTED.java:28 -> quixbugs/faulty_programs/FIND_IN_SORTED.java:104 | gin.edit.modifynode.ReplaceExpression quixbugs/faulty_programs/FIND_IN_SORTED.java:70 -> quixbugs/faulty_programs/FIND_IN_SORTED.java:113 | gin.edit.modifynode.SwapExpression quixbugs/faulty_programs/FIND_IN_SORTED.java:113 <-> quixbugs/faulty_programs/FIND_IN_SORTED.java:105 |","true","false","1.301241","11.0","6.0"
"faulty_programs.FIND_IN_SORTED.faulty_programs.FIND_IN_SORTED.find_in_sorted(int[],int)","| gin.edit.statement.ReplaceStatement quixbugs/faulty_programs/FIND_IN_SORTED.java:28 -> quixbugs/faulty_programs/FIND_IN_SORTED.java:104 | gin.edit.modifynode.SwapExpression quixbugs/faulty_programs/FIND_IN_SORTED.java:105 <-> quixbugs/faulty_programs/FIND_IN_SORTED.java:109 |","true","false","1.489856","11.0","6.0"
"faulty_programs.FIND_IN_SORTED.faulty_programs.FIND_IN_SORTED.find_in_sorted(int[],int)","| gin.edit.statement.ReplaceStatement quixbugs/faulty_programs/FIND_IN_SORTED.java:28 -> quixbugs/faulty_programs/FIND_IN_SORTED.java:104 | gin.edit.modifynode.ReplaceExpression quixbugs/faulty_programs/FIND_IN_SORTED.java:70 -> quixbugs/faulty_programs/FIND_IN_SORTED.java:113 |","true","false","1.419846","11.0","6.0"
"faulty_programs.FIND_IN_SORTED.faulty_programs.FIND_IN_SORTED.find_in_sorted(int[],int)","| gin.edit.statement.ReplaceStatement quixbugs/faulty_programs/FIND_IN_SORTED.java:28 -> quixbugs/faulty_programs/FIND_IN_SORTED.java:104 | gin.edit.modifynode.ReplaceExpression quixbugs/faulty_programs/FIND_IN_SORTED.java:70 -> quixbugs/faulty_programs/FIND_IN_SORTED.java:113 |","true","false","1.502697","11.0","6.0"
"faulty_programs.FIND_IN_SORTED.faulty_programs.FIND_IN_SORTED.find_in_sorted(int[],int)","| gin.edit.statement.ReplaceStatement quixbugs/faulty_programs/FIND_IN_SORTED.java:28 -> quixbugs/faulty_programs/FIND_IN_SORTED.java:104 | gin.edit.statement.CopyStatement quixbugs/faulty_programs/FIND_IN_SORTED.java:104 -> quixbugs/faulty_programs/FIND_IN_SORTED.java:103:103 |","true","false","1.412296","11.0","6.0"
"faulty_programs.FIND_IN_SORTED.faulty_programs.FIND_IN_SORTED.find_in_sorted(int[],int)","| gin.edit.statement.ReplaceStatement quixbugs/faulty_programs/FIND_IN_SORTED.java:28 -> quixbugs/faulty_programs/FIND_IN_SORTED.java:104 | gin.edit.modifynode.SwapExpression quixbugs/faulty_programs/FIND_IN_SORTED.java:109 <-> quixbugs/faulty_programs/FIND_IN_SORTED.java:113 | gin.edit.modifynode.SwapExpression quixbugs/faulty_programs/FIND_IN_SORTED.java:113 <-> quixbugs/faulty_programs/FIND_IN_SORTED.java:111 |","true","false","1.392949","11.0","6.0"
"faulty_programs.FIND_IN_SORTED.faulty_programs.FIND_IN_SORTED.find_in_sorted(int[],int)","| gin.edit.statement.ReplaceStatement quixbugs/faulty_programs/FIND_IN_SORTED.java:28 -> quixbugs/faulty_programs/FIND_IN_SORTED.java:104 | gin.edit.statement.SwapStatement quixbugs/faulty_programs/FIND_IN_SORTED.java:104 <-> quixbugs/faulty_programs/FIND_IN_SORTED.java:104 | gin.edit.statement.ReplaceStatement quixbugs/faulty_programs/FIND_IN_SORTED.java:20 -> quixbugs/faulty_programs/FIND_IN_SORTED.java:104 |","true","false","1.338919","11.0","6.0"
"faulty_programs.FIND_IN_SORTED.faulty_programs.FIND_IN_SORTED.find_in_sorted(int[],int)","| gin.edit.statement.ReplaceStatement quixbugs/faulty_programs/FIND_IN_SORTED.java:28 -> quixbugs/faulty_programs/FIND_IN_SORTED.java:104 | gin.edit.statement.ReplaceStatement quixbugs/faulty_programs/FIND_IN_SORTED.java:28 -> quixbugs/faulty_programs/FIND_IN_SORTED.java:104 | gin.edit.statement.SwapStatement quixbugs/faulty_programs/FIND_IN_SORTED.java:104 <-> quixbugs/faulty_programs/FIND_IN_SORTED.java:104 | gin.edit.statement.DeleteStatement quixbugs/faulty_programs/FIND_IN_SORTED.java:103 |","false","false","0.0","0.0","-5.0"
"faulty_programs.FIND_IN_SORTED.faulty_programs.FIND_IN_SORTED.find_in_sorted(int[],int)","| gin.edit.statement.ReplaceStatement quixbugs/faulty_programs/FIND_IN_SORTED.java:28 -> quixbugs/faulty_programs/FIND_IN_SORTED.java:104 | gin.edit.statement.ReplaceStatement quixbugs/faulty_programs/FIND_IN_SORTED.java:28 -> quixbugs/faulty_programs/FIND_IN_SORTED.java:104 |","true","false","1.529007","11.0","6.0"
"faulty_programs.FIND_IN_SORTED.faulty_programs.FIND_IN_SORTED.find_in_sorted(int[],int)","| gin.edit.statement.ReplaceStatement quixbugs/faulty_programs/FIND_IN_SORTED.java:28 -> quixbugs/faulty_programs/FIND_IN_SORTED.java:104 | gin.edit.statement.SwapStatement quixbugs/faulty_programs/FIND_IN_SORTED.java:104 <-> quixbugs/faulty_programs/FIND_IN_SORTED.java:104 |","true","false","1.285976","11.0","6.0"
"faulty_programs.FIND_IN_SORTED.faulty_programs.FIND_IN_SORTED.find_in_sorted(int[],int)","| gin.edit.statement.SwapStatement quixbugs/faulty_programs/FIND_IN_SORTED.java:104 <-> quixbugs/faulty_programs/FIND_IN_SORTED.java:104 | gin.edit.statement.SwapStatement quixbugs/faulty_programs/FIND_IN_SORTED.java:104 <-> quixbugs/faulty_programs/FIND_IN_SORTED.java:104 | gin.edit.statement.ReplaceStatement quixbugs/faulty_programs/FIND_IN_SORTED.java:28 -> quixbugs/faulty_programs/FIND_IN_SORTED.java:104 | gin.edit.statement.DeleteStatement quixbugs/faulty_programs/FIND_IN_SORTED.java:104 | gin.edit.modifynode.ReplaceExpression quixbugs/faulty_programs/FIND_IN_SORTED.java:41 -> quixbugs/faulty_programs/FIND_IN_SORTED.java:107 | gin.edit.modifynode.ReplaceExpression quixbugs/faulty_programs/FIND_IN_SORTED.java:36 -> quixbugs/faulty_programs/FIND_IN_SORTED.java:107 |","true","false","1.427622","11.0","6.0"
"faulty_programs.FIND_IN_SORTED.faulty_programs.FIND_IN_SORTED.find_in_sorted(int[],int)","| gin.edit.statement.ReplaceStatement quixbugs/faulty_programs/FIND_IN_SORTED.java:28 -> quixbugs/faulty_programs/FIND_IN_SORTED.java:104 | gin.edit.statement.SwapStatement quixbugs/faulty_programs/FIND_IN_SORTED.java:104 <-> quixbugs/faulty_programs/FIND_IN_SORTED.java:104 | gin.edit.statement.ReplaceStatement quixbugs/faulty_programs/FIND_IN_SORTED.java:28 -> quixbugs/faulty_programs/FIND_IN_SORTED.java:104 | gin.edit.statement.DeleteStatement quixbugs/faulty_programs/FIND_IN_SORTED.java:104 |","true","false","15.410442","11.0","6.0"
"faulty_programs.FIND_IN_SORTED.faulty_programs.FIND_IN_SORTED.find_in_sorted(int[],int)","| gin.edit.statement.SwapStatement quixbugs/faulty_programs/FIND_IN_SORTED.java:104 <-> quixbugs/faulty_programs/FIND_IN_SORTED.java:104 | gin.edit.statement.ReplaceStatement quixbugs/faulty_programs/FIND_IN_SORTED.java:28 -> quixbugs/faulty_programs/FIND_IN_SORTED.java:104 | gin.edit.statement.DeleteStatement quixbugs/faulty_programs/FIND_IN_SORTED.java:104 |","true","false","1.616684","11.0","6.0"
"faulty_programs.FIND_IN_SORTED.faulty_programs.FIND_IN_SORTED.find_in_sorted(int[],int)","| gin.edit.statement.ReplaceStatement quixbugs/faulty_programs/FIND_IN_SORTED.java:28 -> quixbugs/faulty_programs/FIND_IN_SORTED.java:104 | gin.edit.statement.SwapStatement quixbugs/faulty_programs/FIND_IN_SORTED.java:104 <-> quixbugs/faulty_programs/FIND_IN_SORTED.java:104 | gin.edit.statement.ReplaceStatement quixbugs/faulty_programs/FIND_IN_SORTED.java:20 -> quixbugs/faulty_programs/FIND_IN_SORTED.java:104 | gin.edit.statement.ReplaceStatement quixbugs/faulty_programs/FIND_IN_SORTED.java:21 -> quixbugs/faulty_programs/FIND_IN_SORTED.java:104 |","true","false","1.34905","11.0","6.0"
"faulty_programs.FIND_IN_SORTED.faulty_programs.FIND_IN_SORTED.find_in_sorted(int[],int)","| gin.edit.statement.SwapStatement quixbugs/faulty_programs/FIND_IN_SORTED.java:104 <-> quixbugs/faulty_programs/FIND_IN_SORTED.java:104 | gin.edit.statement.ReplaceStatement quixbugs/faulty_programs/FIND_IN_SORTED.java:28 -> quixbugs/faulty_programs/FIND_IN_SORTED.java:104 | gin.edit.statement.SwapStatement quixbugs/faulty_programs/FIND_IN_SORTED.java:104 <-> quixbugs/faulty_programs/FIND_IN_SORTED.java:104 | gin.edit.statement.ReplaceStatement quixbugs/faulty_programs/FIND_IN_SORTED.java:27 -> quixbugs/faulty_programs/FIND_IN_SORTED.java:103 | gin.edit.modifynode.ReplaceExpression quixbugs/faulty_programs/FIND_IN_SORTED.java:52 -> quixbugs/faulty_programs/FIND_IN_SORTED.java:113 | gin.edit.statement.ReplaceStatement quixbugs/faulty_programs/FIND_IN_SORTED.java:28 -> quixbugs/faulty_programs/FIND_IN_SORTED.java:103 |","true","false","1.363227","11.0","6.0"
"faulty_programs.FIND_IN_SORTED.faulty_programs.FIND_IN_SORTED.find_in_sorted(int[],int)","| gin.edit.statement.ReplaceStatement quixbugs/faulty_programs/FIND_IN_SORTED.java:28 -> quixbugs/faulty_programs/FIND_IN_SORTED.java:104 | gin.edit.statement.ReplaceStatement quixbugs/faulty_programs/FIND_IN_SORTED.java:27 -> quixbugs/faulty_programs/FIND_IN_SORTED.java:103 | gin.edit.modifynode.ReplaceExpression quixbugs/faulty_programs/FIND_IN_SORTED.java:52 -> quixbugs/faulty_programs/FIND_IN_SORTED.java:113 | gin.edit.statement.SwapStatement quixbugs/faulty_programs/FIND_IN_SORTED.java:103 <-> quixbugs/faulty_programs/FIND_IN_SORTED.java:103 |","true","false","1.414685","11.0","6.0"
"faulty_programs.FIND_IN_SORTED.faulty_programs.FIND_IN_SORTED.find_in_sorted(int[],int)","| gin.edit.statement.SwapStatement quixbugs/faulty_programs/FIND_IN_SORTED.java:104 <-> quixbugs/faulty_programs/FIND_IN_SORTED.java:104 | gin.edit.statement.ReplaceStatement quixbugs/faulty_programs/FIND_IN_SORTED.java:27 -> quixbugs/faulty_programs/FIND_IN_SORTED.java:103 | gin.edit.modifynode.ReplaceExpression quixbugs/faulty_programs/FIND_IN_SORTED.java:52 -> quixbugs/faulty_programs/FIND_IN_SORTED.java:113 | gin.edit.statement.ReplaceStatement quixbugs/faulty_programs/FIND_IN_SORTED.java:28 -> quixbugs/faulty_programs/FIND_IN_SORTED.java:104 | gin.edit.statement.SwapStatement quixbugs/faulty_programs/FIND_IN_SORTED.java:104 <-> quixbugs/faulty_programs/FIND_IN_SORTED.java:104 |","true","false","1.496472","11.0","6.0"
"faulty_programs.FIND_IN_SORTED.faulty_programs.FIND_IN_SORTED.find_in_sorted(int[],int)","| gin.edit.statement.SwapStatement quixbugs/faulty_programs/FIND_IN_SORTED.java:104 <-> quixbugs/faulty_programs/FIND_IN_SORTED.java:104 | gin.edit.statement.ReplaceStatement quixbugs/faulty_programs/FIND_IN_SORTED.java:28 -> quixbugs/faulty_programs/FIND_IN_SORTED.java:104 | gin.edit.statement.SwapStatement quixbugs/faulty_programs/FIND_IN_SORTED.java:104 <-> quixbugs/faulty_programs/FIND_IN_SORTED.java:104 | gin.edit.statement.ReplaceStatement quixbugs/faulty_programs/FIND_IN_SORTED.java:27 -> quixbugs/faulty_programs/FIND_IN_SORTED.java:103 | gin.edit.statement.CopyStatement quixbugs/faulty_programs/FIND_IN_SORTED.java:28 -> quixbugs/faulty_programs/FIND_IN_SORTED.java:103:104 |","true","false","1.578533","11.0","6.0"
"faulty_programs.FIND_IN_SORTED.faulty_programs.FIND_IN_SORTED.find_in_sorted(int[],int)","| gin.edit.statement.SwapStatement quixbugs/faulty_programs/FIND_IN_SORTED.java:104 <-> quixbugs/faulty_programs/FIND_IN_SORTED.java:104 | gin.edit.statement.ReplaceStatement quixbugs/faulty_programs/FIND_IN_SORTED.java:28 -> quixbugs/faulty_programs/FIND_IN_SORTED.java:104 | gin.edit.statement.DeleteStatement quixbugs/faulty_programs/FIND_IN_SORTED.java:104 | gin.edit.statement.CopyStatement quixbugs/faulty_programs/FIND_IN_SORTED.java:56 -> quixbugs/faulty_programs/FIND_IN_SORTED.java:103:103 |","false","false","0.0","0.0","-5.0"
"faulty_programs.FIND_IN_SORTED.faulty_programs.FIND_IN_SORTED.find_in_sorted(int[],int)","| gin.edit.statement.ReplaceStatement quixbugs/faulty_programs/FIND_IN_SORTED.java:28 -> quixbugs/faulty_programs/FIND_IN_SORTED.java:104 | gin.edit.statement.SwapStatement quixbugs/faulty_programs/FIND_IN_SORTED.java:104 <-> quixbugs/faulty_programs/FIND_IN_SORTED.java:104 | gin.edit.statement.CopyStatement quixbugs/faulty_programs/FIND_IN_SORTED.java:28 -> quixbugs/faulty_programs/FIND_IN_SORTED.java:103:104 | gin.edit.statement.DeleteStatement quixbugs/faulty_programs/FIND_IN_SORTED.java:104 | gin.edit.statement.SwapStatement quixbugs/faulty_programs/FIND_IN_SORTED.java:103 <-> quixbugs/faulty_programs/FIND_IN_SORTED.java:104 |","true","false","1.732836","11.0","6.0"
"faulty_programs.FIND_IN_SORTED.faulty_programs.FIND_IN_SORTED.find_in_sorted(int[],int)","| gin.edit.statement.ReplaceStatement quixbugs/faulty_programs/FIND_IN_SORTED.java:28 -> quixbugs/faulty_programs/FIND_IN_SORTED.java:104 | gin.edit.statement.ReplaceStatement quixbugs/faulty_programs/FIND_IN_SORTED.java:28 -> quixbugs/faulty_programs/FIND_IN_SORTED.java:104 | gin.edit.statement.CopyStatement quixbugs/faulty_programs/FIND_IN_SORTED.java:28 -> quixbugs/faulty_programs/FIND_IN_SORTED.java:103:104 |","true","false","2.127902","11.0","6.0"
"faulty_programs.FIND_IN_SORTED.faulty_programs.FIND_IN_SORTED.find_in_sorted(int[],int)","| gin.edit.statement.ReplaceStatement quixbugs/faulty_programs/FIND_IN_SORTED.java:28 -> quixbugs/faulty_programs/FIND_IN_SORTED.java:104 | gin.edit.statement.SwapStatement quixbugs/faulty_programs/FIND_IN_SORTED.java:104 <-> quixbugs/faulty_programs/FIND_IN_SORTED.java:104 | gin.edit.statement.ReplaceStatement quixbugs/faulty_programs/FIND_IN_SORTED.java:28 -> quixbugs/faulty_programs/FIND_IN_SORTED.java:104 | gin.edit.statement.DeleteStatement quixbugs/faulty_programs/FIND_IN_SORTED.java:104 |","true","false","1.552316","11.0","6.0"
"faulty_programs.FIND_IN_SORTED.faulty_programs.FIND_IN_SORTED.find_in_sorted(int[],int)","| gin.edit.statement.ReplaceStatement quixbugs/faulty_programs/FIND_IN_SORTED.java:28 -> quixbugs/faulty_programs/FIND_IN_SORTED.java:104 | gin.edit.statement.DeleteStatement quixbugs/faulty_programs/FIND_IN_SORTED.java:104 | gin.edit.modifynode.ReplaceExpression quixbugs/faulty_programs/FIND_IN_SORTED.java:81 -> quixbugs/faulty_programs/FIND_IN_SORTED.java:111 |","true","false","1.331231","11.0","6.0"
"faulty_programs.FIND_IN_SORTED.faulty_programs.FIND_IN_SORTED.find_in_sorted(int[],int)","| gin.edit.statement.ReplaceStatement quixbugs/faulty_programs/FIND_IN_SORTED.java:28 -> quixbugs/faulty_programs/FIND_IN_SORTED.java:104 | gin.edit.statement.ReplaceStatement quixbugs/faulty_programs/FIND_IN_SORTED.java:28 -> quixbugs/faulty_programs/FIND_IN_SORTED.java:104 | gin.edit.statement.DeleteStatement quixbugs/faulty_programs/FIND_IN_SORTED.java:104 | gin.edit.statement.DeleteStatement quixbugs/faulty_programs/FIND_IN_SORTED.java:104 | gin.edit.statement.SwapStatement quixbugs/faulty_programs/FIND_IN_SORTED.java:103 <-> quixbugs/faulty_programs/FIND_IN_SORTED.java:103 |","true","false","1.540443","11.0","6.0"
"faulty_programs.FIND_IN_SORTED.faulty_programs.FIND_IN_SORTED.find_in_sorted(int[],int)","| gin.edit.statement.ReplaceStatement quixbugs/faulty_programs/FIND_IN_SORTED.java:28 -> quixbugs/faulty_programs/FIND_IN_SORTED.java:104 | gin.edit.statement.DeleteStatement quixbugs/faulty_programs/FIND_IN_SORTED.java:104 | gin.edit.statement.SwapStatement quixbugs/faulty_programs/FIND_IN_SORTED.java:104 <-> quixbugs/faulty_programs/FIND_IN_SORTED.java:103 |","true","false","22.33824","11.0","6.0"
"faulty_programs.FIND_IN_SORTED.faulty_programs.FIND_IN_SORTED.find_in_sorted(int[],int)","| gin.edit.modifynode.ReplaceExpression quixbugs/faulty_programs/FIND_IN_SORTED.java:70 -> quixbugs/faulty_programs/FIND_IN_SORTED.java:113 | gin.edit.statement.ReplaceStatement quixbugs/faulty_programs/FIND_IN_SORTED.java:28 -> quixbugs/faulty_programs/FIND_IN_SORTED.java:104 | gin.edit.modifynode.ReplaceExpression quixbugs/faulty_programs/FIND_IN_SORTED.java:69 -> quixbugs/faulty_programs/FIND_IN_SORTED.java:112 | gin.edit.statement.SwapStatement quixbugs/faulty_programs/FIND_IN_SORTED.java:103 <-> quixbugs/faulty_programs/FIND_IN_SORTED.java:104 |","true","false","1.849491","11.0","6.0"
"faulty_programs.FIND_IN_SORTED.faulty_programs.FIND_IN_SORTED.find_in_sorted(int[],int)","| gin.edit.statement.ReplaceStatement quixbugs/faulty_programs/FIND_IN_SORTED.java:28 -> quixbugs/faulty_programs/FIND_IN_SORTED.java:104 | gin.edit.statement.SwapStatement quixbugs/faulty_programs/FIND_IN_SORTED.java:104 <-> quixbugs/faulty_programs/FIND_IN_SORTED.java:104 | gin.edit.statement.ReplaceStatement quixbugs/faulty_programs/FIND_IN_SORTED.java:27 -> quixbugs/faulty_programs/FIND_IN_SORTED.java:104 |","true","false","2.063288","11.0","6.0"
"faulty_programs.FIND_IN_SORTED.faulty_programs.FIND_IN_SORTED.find_in_sorted(int[],int)","| gin.edit.statement.ReplaceStatement quixbugs/faulty_programs/FIND_IN_SORTED.java:27 -> quixbugs/faulty_programs/FIND_IN_SORTED.java:104 | gin.edit.statement.DeleteStatement quixbugs/faulty_programs/FIND_IN_SORTED.java:104 |","true","false","1.516753","11.0","6.0"
"faulty_programs.FIND_IN_SORTED.faulty_programs.FIND_IN_SORTED.find_in_sorted(int[],int)","| gin.edit.statement.SwapStatement quixbugs/faulty_programs/FIND_IN_SORTED.java:104 <-> quixbugs/faulty_programs/FIND_IN_SORTED.java:104 | gin.edit.modifynode.ReplaceExpression quixbugs/faulty_programs/FIND_IN_SORTED.java:70 -> quixbugs/faulty_programs/FIND_IN_SORTED.java:113 | gin.edit.statement.ReplaceStatement quixbugs/faulty_programs/FIND_IN_SORTED.java:28 -> quixbugs/faulty_programs/FIND_IN_SORTED.java:104 | gin.edit.statement.SwapStatement quixbugs/faulty_programs/FIND_IN_SORTED.java:103 <-> quixbugs/faulty_programs/FIND_IN_SORTED.java:103 |","true","false","1.82516","11.0","6.0"
"faulty_programs.FIND_IN_SORTED.faulty_programs.FIND_IN_SORTED.find_in_sorted(int[],int)","| gin.edit.statement.ReplaceStatement quixbugs/faulty_programs/FIND_IN_SORTED.java:28 -> quixbugs/faulty_programs/FIND_IN_SORTED.java:104 | gin.edit.modifynode.SwapExpression quixbugs/faulty_programs/FIND_IN_SORTED.java:105 <-> quixbugs/faulty_programs/FIND_IN_SORTED.java:113 | gin.edit.statement.SwapStatement quixbugs/faulty_programs/FIND_IN_SORTED.java:104 <-> quixbugs/faulty_programs/FIND_IN_SORTED.java:103 | gin.edit.modifynode.SwapExpression quixbugs/faulty_programs/FIND_IN_SORTED.java:112 <-> quixbugs/faulty_programs/FIND_IN_SORTED.java:109 | gin.edit.statement.ReplaceStatement quixbugs/faulty_programs/FIND_IN_SORTED.java:57 -> quixbugs/faulty_programs/FIND_IN_SORTED.java:104 |","true","false","1.641652","11.0","6.0"
"faulty_programs.FIND_IN_SORTED.faulty_programs.FIND_IN_SORTED.find_in_sorted(int[],int)","| gin.edit.statement.SwapStatement quixbugs/faulty_programs/FIND_IN_SORTED.java:104 <-> quixbugs/faulty_programs/FIND_IN_SORTED.java:104 | gin.edit.statement.ReplaceStatement quixbugs/faulty_programs/FIND_IN_SORTED.java:28 -> quixbugs/faulty_programs/FIND_IN_SORTED.java:104 | gin.edit.statement.SwapStatement quixbugs/faulty_programs/FIND_IN_SORTED.java:104 <-> quixbugs/faulty_programs/FIND_IN_SORTED.java:104 | gin.edit.statement.ReplaceStatement quixbugs/faulty_programs/FIND_IN_SORTED.java:104 -> quixbugs/faulty_programs/FIND_IN_SORTED.java:104 | gin.edit.statement.DeleteStatement quixbugs/faulty_programs/FIND_IN_SORTED.java:104 |","true","false","1.616613","11.0","6.0"
"faulty_programs.FIND_IN_SORTED.faulty_programs.FIND_IN_SORTED.find_in_sorted(int[],int)","| gin.edit.statement.ReplaceStatement quixbugs/faulty_programs/FIND_IN_SORTED.java:28 -> quixbugs/faulty_programs/FIND_IN_SORTED.java:104 | gin.edit.modifynode.SwapExpression quixbugs/faulty_programs/FIND_IN_SORTED.java:105 <-> quixbugs/faulty_programs/FIND_IN_SORTED.java:113 | gin.edit.statement.SwapStatement quixbugs/faulty_programs/FIND_IN_SORTED.java:104 <-> quixbugs/faulty_programs/FIND_IN_SORTED.java:103 | gin.edit.modifynode.SwapExpression quixbugs/faulty_programs/FIND_IN_SORTED.java:112 <-> quixbugs/faulty_programs/FIND_IN_SORTED.java:109 | gin.edit.statement.SwapStatement quixbugs/faulty_programs/FIND_IN_SORTED.java:104 <-> quixbugs/faulty_programs/FIND_IN_SORTED.java:104 | gin.edit.statement.ReplaceStatement quixbugs/faulty_programs/FIND_IN_SORTED.java:28 -> quixbugs/faulty_programs/FIND_IN_SORTED.java:104 | gin.edit.statement.ReplaceStatement quixbugs/faulty_programs/FIND_IN_SORTED.java:104 -> quixbugs/faulty_programs/FIND_IN_SORTED.java:104 | gin.edit.statement.DeleteStatement quixbugs/faulty_programs/FIND_IN_SORTED.java:103 |","false","false","0.0","0.0","-5.0"
"faulty_programs.FIND_IN_SORTED.faulty_programs.FIND_IN_SORTED.find_in_sorted(int[],int)","| gin.edit.statement.ReplaceStatement quixbugs/faulty_programs/FIND_IN_SORTED.java:28 -> quixbugs/faulty_programs/FIND_IN_SORTED.java:104 | gin.edit.statement.SwapStatement quixbugs/faulty_programs/FIND_IN_SORTED.java:104 <-> quixbugs/faulty_programs/FIND_IN_SORTED.java:104 | gin.edit.statement.ReplaceStatement quixbugs/faulty_programs/FIND_IN_SORTED.java:28 -> quixbugs/faulty_programs/FIND_IN_SORTED.java:104 | gin.edit.modifynode.SwapExpression quixbugs/faulty_programs/FIND_IN_SORTED.java:105 <-> quixbugs/faulty_programs/FIND_IN_SORTED.java:113 |","true","false","1.500091","11.0","6.0"
"faulty_programs.FIND_IN_SORTED.faulty_programs.FIND_IN_SORTED.find_in_sorted(int[],int)","| gin.edit.statement.ReplaceStatement quixbugs/faulty_programs/FIND_IN_SORTED.java:28 -> quixbugs/faulty_programs/FIND_IN_SORTED.java:104 | gin.edit.modifynode.ReplaceExpression quixbugs/faulty_programs/FIND_IN_SORTED.java:70 -> quixbugs/faulty_programs/FIND_IN_SORTED.java:113 |","true","false","1.597239","11.0","6.0"
"faulty_programs.FIND_IN_SORTED.faulty_programs.FIND_IN_SORTED.find_in_sorted(int[],int)","| gin.edit.statement.ReplaceStatement quixbugs/faulty_programs/FIND_IN_SORTED.java:28 -> quixbugs/faulty_programs/FIND_IN_SORTED.java:104 | gin.edit.statement.SwapStatement quixbugs/faulty_programs/FIND_IN_SORTED.java:104 <-> quixbugs/faulty_programs/FIND_IN_SORTED.java:104 | gin.edit.statement.ReplaceStatement quixbugs/faulty_programs/FIND_IN_SORTED.java:20 -> quixbugs/faulty_programs/FIND_IN_SORTED.java:104 | gin.edit.statement.SwapStatement quixbugs/faulty_programs/FIND_IN_SORTED.java:104 <-> quixbugs/faulty_programs/FIND_IN_SORTED.java:104 |","true","false","1.365101","11.0","6.0"
"faulty_programs.FIND_IN_SORTED.faulty_programs.FIND_IN_SORTED.find_in_sorted(int[],int)","| gin.edit.statement.ReplaceStatement quixbugs/faulty_programs/FIND_IN_SORTED.java:28 -> quixbugs/faulty_programs/FIND_IN_SORTED.java:104 | gin.edit.statement.ReplaceStatement quixbugs/faulty_programs/FIND_IN_SORTED.java:28 -> quixbugs/faulty_programs/FIND_IN_SORTED.java:104 | gin.edit.statement.ReplaceStatement quixbugs/faulty_programs/FIND_IN_SORTED.java:20 -> quixbugs/faulty_programs/FIND_IN_SORTED.java:104 | gin.edit.statement.CopyStatement quixbugs/faulty_programs/FIND_IN_SORTED.java:28 -> quixbugs/faulty_programs/FIND_IN_SORTED.java:103:104 |","true","false","1.307801","11.0","6.0"
"faulty_programs.FIND_IN_SORTED.faulty_programs.FIND_IN_SORTED.find_in_sorted(int[],int)","| gin.edit.statement.ReplaceStatement quixbugs/faulty_programs/FIND_IN_SORTED.java:20 -> quixbugs/faulty_programs/FIND_IN_SORTED.java:104 | gin.edit.modifynode.ReplaceExpression quixbugs/faulty_programs/FIND_IN_SORTED.java:70 -> quixbugs/faulty_programs/FIND_IN_SORTED.java:113 | gin.edit.statement.ReplaceStatement quixbugs/faulty_programs/FIND_IN_SORTED.java:47 -> quixbugs/faulty_programs/FIND_IN_SORTED.java:103 |","false","false","0.0","0.0","-5.0"
"faulty_programs.FIND_IN_SORTED.faulty_programs.FIND_IN_SORTED.find_in_sorted(int[],int)","| gin.edit.modifynode.SwapExpression quixbugs/faulty_programs/FIND_IN_SORTED.java:105 <-> quixbugs/faulty_programs/FIND_IN_SORTED.java:113 | gin.edit.statement.ReplaceStatement quixbugs/faulty_programs/FIND_IN_SORTED.java:28 -> quixbugs/faulty_programs/FIND_IN_SORTED.java:104 | gin.edit.modifynode.ReplaceExpression quixbugs/faulty_programs/FIND_IN_SORTED.java:87 -> quixbugs/faulty_programs/FIND_IN_SORTED.java:111 |","true","false","1.683291","11.0","6.0"
"faulty_programs.FIND_IN_SORTED.faulty_programs.FIND_IN_SORTED.find_in_sorted(int[],int)","| gin.edit.statement.ReplaceStatement quixbugs/faulty_programs/FIND_IN_SORTED.java:28 -> quixbugs/faulty_programs/FIND_IN_SORTED.java:104 | gin.edit.modifynode.SwapExpression quixbugs/faulty_programs/FIND_IN_SORTED.java:105 <-> quixbugs/faulty_programs/FIND_IN_SORTED.java:113 | gin.edit.statement.SwapStatement quixbugs/faulty_programs/FIND_IN_SORTED.java:104 <-> quixbugs/faulty_programs/FIND_IN_SORTED.java:103 | gin.edit.modifynode.SwapExpression quixbugs/faulty_programs/FIND_IN_SORTED.java:112 <-> quixbugs/faulty_programs/FIND_IN_SORTED.java:109 | gin.edit.statement.CopyStatement quixbugs/faulty_programs/FIND_IN_SORTED.java:90 -> quixbugs/faulty_programs/FIND_IN_SORTED.java:103:103 |","false","false","0.0","0.0","-5.0"
"faulty_programs.FIND_IN_SORTED.faulty_programs.FIND_IN_SORTED.find_in_sorted(int[],int)","| gin.edit.modifynode.SwapExpression quixbugs/faulty_programs/FIND_IN_SORTED.java:105 <-> quixbugs/faulty_programs/FIND_IN_SORTED.java:113 | gin.edit.statement.ReplaceStatement quixbugs/faulty_programs/FIND_IN_SORTED.java:28 -> quixbugs/faulty_programs/FIND_IN_SORTED.java:104 | gin.edit.modifynode.ReplaceExpression quixbugs/faulty_programs/FIND_IN_SORTED.java:87 -> quixbugs/faulty_programs/FIND_IN_SORTED.java:111 | gin.edit.statement.CopyStatement quixbugs/faulty_programs/FIND_IN_SORTED.java:21 -> quixbugs/faulty_programs/FIND_IN_SORTED.java:103:103 |","false","false","0.0","0.0","-5.0"
"faulty_programs.FIND_IN_SORTED.faulty_programs.FIND_IN_SORTED.find_in_sorted(int[],int)","| gin.edit.modifynode.SwapExpression quixbugs/faulty_programs/FIND_IN_SORTED.java:112 <-> quixbugs/faulty_programs/FIND_IN_SORTED.java:109 | gin.edit.statement.ReplaceStatement quixbugs/faulty_programs/FIND_IN_SORTED.java:28 -> quixbugs/faulty_programs/FIND_IN_SORTED.java:104 | gin.edit.statement.DeleteStatement quixbugs/faulty_programs/FIND_IN_SORTED.java:104 |","true","false","12.395487","11.0","6.0"
"faulty_programs.FIND_IN_SORTED.faulty_programs.FIND_IN_SORTED.find_in_sorted(int[],int)","| gin.edit.statement.ReplaceStatement quixbugs/faulty_programs/FIND_IN_SORTED.java:28 -> quixbugs/faulty_programs/FIND_IN_SORTED.java:104 | gin.edit.statement.SwapStatement quixbugs/faulty_programs/FIND_IN_SORTED.java:104 <-> quixbugs/faulty_programs/FIND_IN_SORTED.java:104 |","true","false","1.6147","11.0","6.0"
"faulty_programs.FIND_IN_SORTED.faulty_programs.FIND_IN_SORTED.find_in_sorted(int[],int)","| gin.edit.statement.SwapStatement quixbugs/faulty_programs/FIND_IN_SORTED.java:104 <-> quixbugs/faulty_programs/FIND_IN_SORTED.java:104 | gin.edit.statement.SwapStatement quixbugs/faulty_programs/FIND_IN_SORTED.java:104 <-> quixbugs/faulty_programs/FIND_IN_SORTED.java:104 | gin.edit.statement.ReplaceStatement quixbugs/faulty_programs/FIND_IN_SORTED.java:28 -> quixbugs/faulty_programs/FIND_IN_SORTED.java:104 | gin.edit.statement.DeleteStatement quixbugs/faulty_programs/FIND_IN_SORTED.java:104 | gin.edit.modifynode.ReplaceExpression quixbugs/faulty_programs/FIND_IN_SORTED.java:41 -> quixbugs/faulty_programs/FIND_IN_SORTED.java:107 | gin.edit.modifynode.ReplaceExpression quixbugs/faulty_programs/FIND_IN_SORTED.java:36 -> quixbugs/faulty_programs/FIND_IN_SORTED.java:107 |","true","false","1.620421","11.0","6.0"
"faulty_programs.FIND_IN_SORTED.faulty_programs.FIND_IN_SORTED.find_in_sorted(int[],int)","| gin.edit.statement.ReplaceStatement quixbugs/faulty_programs/FIND_IN_SORTED.java:28 -> quixbugs/faulty_programs/FIND_IN_SORTED.java:104 | gin.edit.statement.SwapStatement quixbugs/faulty_programs/FIND_IN_SORTED.java:104 <-> quixbugs/faulty_programs/FIND_IN_SORTED.java:104 | gin.edit.statement.SwapStatement quixbugs/faulty_programs/FIND_IN_SORTED.java:104 <-> quixbugs/faulty_programs/FIND_IN_SORTED.java:104 | gin.edit.statement.ReplaceStatement quixbugs/faulty_programs/FIND_IN_SORTED.java:28 -> quixbugs/faulty_programs/FIND_IN_SORTED.java:104 | gin.edit.modifynode.ReplaceExpression quixbugs/faulty_programs/FIND_IN_SORTED.java:41 -> quixbugs/faulty_programs/FIND_IN_SORTED.java:107 | gin.edit.modifynode.ReplaceExpression quixbugs/faulty_programs/FIND_IN_SORTED.java:36 -> quixbugs/faulty_programs/FIND_IN_SORTED.java:107 | gin.edit.statement.CopyStatement quixbugs/faulty_programs/FIND_IN_SORTED.java:28 -> quixbugs/faulty_programs/FIND_IN_SORTED.java:103:104 |","true","false","1.799724","11.0","6.0"
"faulty_programs.FIND_IN_SORTED.faulty_programs.FIND_IN_SORTED.find_in_sorted(int[],int)","| gin.edit.statement.SwapStatement quixbugs/faulty_programs/FIND_IN_SORTED.java:104 <-> quixbugs/faulty_programs/FIND_IN_SORTED.java:104 | gin.edit.statement.ReplaceStatement quixbugs/faulty_programs/FIND_IN_SORTED.java:28 -> quixbugs/faulty_programs/FIND_IN_SORTED.java:104 | gin.edit.modifynode.ReplaceExpression quixbugs/faulty_programs/FIND_IN_SORTED.java:41 -> quixbugs/faulty_programs/FIND_IN_SORTED.java:107 | gin.edit.statement.ReplaceStatement quixbugs/faulty_programs/FIND_IN_SORTED.java:28 -> quixbugs/faulty_programs/FIND_IN_SORTED.java:104 | gin.edit.statement.CopyStatement quixbugs/faulty_programs/FIND_IN_SORTED.java:89 -> quixbugs/faulty_programs/FIND_IN_SORTED.java:103:104 |","true","false","1.428567","11.0","6.0"
"faulty_programs.FIND_IN_SORTED.faulty_programs.FIND_IN_SORTED.find_in_sorted(int[],int)","| gin.edit.statement.ReplaceStatement quixbugs/faulty_programs/FIND_IN_SORTED.java:28 -> quixbugs/faulty_programs/FIND_IN_SORTED.java:104 | gin.edit.modifynode.SwapExpression quixbugs/faulty_programs/FIND_IN_SORTED.java:105 <-> quixbugs/faulty_programs/FIND_IN_SORTED.java:113 | gin.edit.statement.SwapStatement quixbugs/faulty_programs/FIND_IN_SORTED.java:104 <-> quixbugs/faulty_programs/FIND_IN_SORTED.java:103 | gin.edit.modifynode.SwapExpression quixbugs/faulty_programs/FIND_IN_SORTED.java:112 <-> quixbugs/faulty_programs/FIND_IN_SORTED.java:109 | gin.edit.statement.SwapStatement quixbugs/faulty_programs/FIND_IN_SORTED.java:104 <-> quixbugs/faulty_programs/FIND_IN_SORTED.java:104 |","true","false","1.637498","11.0","6.0"
"faulty_programs.FIND_IN_SORTED.faulty_programs.FIND_IN_SORTED.find_in_sorted(int[],int)","| gin.edit.modifynode.SwapExpression quixbugs/faulty_programs/FIND_IN_SORTED.java:105 <-> quixbugs/faulty_programs/FIND_IN_SORTED.java:113 | gin.edit.statement.ReplaceStatement quixbugs/faulty_programs/FIND_IN_SORTED.java:28 -> quixbugs/faulty_programs/FIND_IN_SORTED.java:104 | gin.edit.modifynode.ReplaceExpression quixbugs/faulty_programs/FIND_IN_SORTED.java:87 -> quixbugs/faulty_programs/FIND_IN_SORTED.java:111 | gin.edit.statement.DeleteStatement quixbugs/faulty_programs/FIND_IN_SORTED.java:104 |","true","false","1.611767","11.0","6.0"
"faulty_programs.FIND_IN_SORTED.faulty_programs.FIND_IN_SORTED.find_in_sorted(int[],int)","| gin.edit.statement.ReplaceStatement quixbugs/faulty_programs/FIND_IN_SORTED.java:28 -> quixbugs/faulty_programs/FIND_IN_SORTED.java:104 | gin.edit.modifynode.SwapExpression quixbugs/faulty_programs/FIND_IN_SORTED.java:112 <-> quixbugs/faulty_programs/FIND_IN_SORTED.java:109 | gin.edit.statement.ReplaceStatement quixbugs/faulty_programs/FIND_IN_SORTED.java:28 -> quixbugs/faulty_programs/FIND_IN_SORTED.java:104 | gin.edit.modifynode.ReplaceExpression quixbugs/faulty_programs/FIND_IN_SORTED.java:87 -> quixbugs/faulty_programs/FIND_IN_SORTED.java:111 | gin.edit.statement.CopyStatement quixbugs/faulty_programs/FIND_IN_SORTED.java:78 -> quixbugs/faulty_programs/FIND_IN_SORTED.java:103:103 |","false","false","0.0","0.0","-5.0"
"faulty_programs.FIND_IN_SORTED.faulty_programs.FIND_IN_SORTED.find_in_sorted(int[],int)","| gin.edit.modifynode.SwapExpression quixbugs/faulty_programs/FIND_IN_SORTED.java:105 <-> quixbugs/faulty_programs/FIND_IN_SORTED.java:113 | gin.edit.statement.SwapStatement quixbugs/faulty_programs/FIND_IN_SORTED.java:104 <-> quixbugs/faulty_programs/FIND_IN_SORTED.java:103 | gin.edit.statement.CopyStatement quixbugs/faulty_programs/FIND_IN_SORTED.java:20 -> quixbugs/faulty_programs/FIND_IN_SORTED.java:103:104 |","false","false","0.0","0.0","-5.0"
"faulty_programs.FIND_IN_SORTED.faulty_programs.FIND_IN_SORTED.find_in_sorted(int[],int)","| gin.edit.statement.ReplaceStatement quixbugs/faulty_programs/FIND_IN_SORTED.java:28 -> quixbugs/faulty_programs/FIND_IN_SORTED.java:104 | gin.edit.modifynode.ReplaceExpression quixbugs/faulty_programs/FIND_IN_SORTED.java:70 -> quixbugs/faulty_programs/FIND_IN_SORTED.java:113 | gin.edit.statement.CopyStatement quixbugs/faulty_programs/FIND_IN_SORTED.java:104 -> quixbugs/faulty_programs/FIND_IN_SORTED.java:103:104 |","true","false","1.717247","11.0","6.0"
"faulty_programs.FIND_IN_SORTED.faulty_programs.FIND_IN_SORTED.find_in_sorted(int[],int)","| gin.edit.statement.ReplaceStatement quixbugs/faulty_programs/FIND_IN_SORTED.java:28 -> quixbugs/faulty_programs/FIND_IN_SORTED.java:104 | gin.edit.statement.SwapStatement quixbugs/faulty_programs/FIND_IN_SORTED.java:104 <-> quixbugs/faulty_programs/FIND_IN_SORTED.java:104 | gin.edit.statement.ReplaceStatement quixbugs/faulty_programs/FIND_IN_SORTED.java:27 -> quixbugs/faulty_programs/FIND_IN_SORTED.java:104 |","true","false","1.581451","11.0","6.0"
"faulty_programs.FIND_IN_SORTED.faulty_programs.FIND_IN_SORTED.find_in_sorted(int[],int)","| gin.edit.statement.ReplaceStatement quixbugs/faulty_programs/FIND_IN_SORTED.java:28 -> quixbugs/faulty_programs/FIND_IN_SORTED.java:104 | gin.edit.modifynode.ReplaceExpression quixbugs/faulty_programs/FIND_IN_SORTED.java:70 -> quixbugs/faulty_programs/FIND_IN_SORTED.java:113 | gin.edit.statement.ReplaceStatement quixbugs/faulty_programs/FIND_IN_SORTED.java:28 -> quixbugs/faulty_programs/FIND_IN_SORTED.java:104 | gin.edit.statement.ReplaceStatement quixbugs/faulty_programs/FIND_IN_SORTED.java:27 -> quixbugs/faulty_programs/FIND_IN_SORTED.java:104 |","true","false","1.710122","11.0","6.0"
"faulty_programs.FIND_IN_SORTED.faulty_programs.FIND_IN_SORTED.find_in_sorted(int[],int)","| gin.edit.statement.ReplaceStatement quixbugs/faulty_programs/FIND_IN_SORTED.java:28 -> quixbugs/faulty_programs/FIND_IN_SORTED.java:104 | gin.edit.statement.ReplaceStatement quixbugs/faulty_programs/FIND_IN_SORTED.java:28 -> quixbugs/faulty_programs/FIND_IN_SORTED.java:104 | gin.edit.modifynode.ReplaceExpression quixbugs/faulty_programs/FIND_IN_SORTED.java:70 -> quixbugs/faulty_programs/FIND_IN_SORTED.java:113 | gin.edit.statement.CopyStatement quixbugs/faulty_programs/FIND_IN_SORTED.java:104 -> quixbugs/faulty_programs/FIND_IN_SORTED.java:103:104 |","true","false","1.69367","11.0","6.0"
"faulty_programs.FIND_IN_SORTED.faulty_programs.FIND_IN_SORTED.find_in_sorted(int[],int)","| gin.edit.modifynode.ReplaceExpression quixbugs/faulty_programs/FIND_IN_SORTED.java:70 -> quixbugs/faulty_programs/FIND_IN_SORTED.java:113 | gin.edit.statement.ReplaceStatement quixbugs/faulty_programs/FIND_IN_SORTED.java:28 -> quixbugs/faulty_programs/FIND_IN_SORTED.java:104 | gin.edit.modifynode.ReplaceExpression quixbugs/faulty_programs/FIND_IN_SORTED.java:69 -> quixbugs/faulty_programs/FIND_IN_SORTED.java:112 | gin.edit.statement.SwapStatement quixbugs/faulty_programs/FIND_IN_SORTED.java:103 <-> quixbugs/faulty_programs/FIND_IN_SORTED.java:104 | gin.edit.modifynode.ReplaceExpression quixbugs/faulty_programs/FIND_IN_SORTED.java:66 -> quixbugs/faulty_programs/FIND_IN_SORTED.java:105 |","true","false","1.660224","11.0","6.0"
"faulty_programs.FIND_IN_SORTED.faulty_programs.FIND_IN_SORTED.find_in_sorted(int[],int)","| gin.edit.statement.ReplaceStatement quixbugs/faulty_programs/FIND_IN_SORTED.java:28 -> quixbugs/faulty_programs/FIND_IN_SORTED.java:104 | gin.edit.statement.DeleteStatement quixbugs/faulty_programs/FIND_IN_SORTED.java:104 | gin.edit.modifynode.ReplaceExpression quixbugs/faulty_programs/FIND_IN_SORTED.java:81 -> quixbugs/faulty_programs/FIND_IN_SORTED.java:111 | gin.edit.statement.ReplaceStatement quixbugs/faulty_programs/FIND_IN_SORTED.java:47 -> quixbugs/faulty_programs/FIND_IN_SORTED.java:104 |","true","false","1.747886","11.0","6.0"
"faulty_programs.FIND_IN_SORTED.faulty_programs.FIND_IN_SORTED.find_in_sorted(int[],int)","| gin.edit.modifynode.ReplaceExpression quixbugs/faulty_programs/FIND_IN_SORTED.java:70 -> quixbugs/faulty_programs/FIND_IN_SORTED.java:113 | gin.edit.modifynode.ReplaceExpression quixbugs/faulty_programs/FIND_IN_SORTED.java:69 -> quixbugs/faulty_programs/FIND_IN_SORTED.java:112 | gin.edit.statement.SwapStatement quixbugs/faulty_programs/FIND_IN_SORTED.java:103 <-> quixbugs/faulty_programs/FIND_IN_SORTED.java:104 | gin.edit.modifynode.ReplaceExpression quixbugs/faulty_programs/FIND_IN_SORTED.java:81 -> quixbugs/faulty_programs/FIND_IN_SORTED.java:111 | gin.edit.modifynode.SwapExpression quixbugs/faulty_programs/FIND_IN_SORTED.java:105 <-> quixbugs/faulty_programs/FIND_IN_SORTED.java:112 |","false","false","0.0","0.0","-5.0"
"faulty_programs.FIND_IN_SORTED.faulty_programs.FIND_IN_SORTED.find_in_sorted(int[],int)","| gin.edit.statement.ReplaceStatement quixbugs/faulty_programs/FIND_IN_SORTED.java:28 -> quixbugs/faulty_programs/FIND_IN_SORTED.java:104 | gin.edit.statement.DeleteStatement quixbugs/faulty_programs/FIND_IN_SORTED.java:104 | gin.edit.statement.SwapStatement quixbugs/faulty_programs/FIND_IN_SORTED.java:103 <-> quixbugs/faulty_programs/FIND_IN_SORTED.java:104 | gin.edit.statement.CopyStatement quixbugs/faulty_programs/FIND_IN_SORTED.java:56 -> quixbugs/faulty_programs/FIND_IN_SORTED.java:103:103 |","false","false","0.0","0.0","-5.0"
"faulty_programs.FIND_IN_SORTED.faulty_programs.FIND_IN_SORTED.find_in_sorted(int[],int)","| gin.edit.statement.SwapStatement quixbugs/faulty_programs/FIND_IN_SORTED.java:104 <-> quixbugs/faulty_programs/FIND_IN_SORTED.java:104 | gin.edit.statement.ReplaceStatement quixbugs/faulty_programs/FIND_IN_SORTED.java:27 -> quixbugs/faulty_programs/FIND_IN_SORTED.java:103 | gin.edit.modifynode.ReplaceExpression quixbugs/faulty_programs/FIND_IN_SORTED.java:52 -> quixbugs/faulty_programs/FIND_IN_SORTED.java:113 | gin.edit.statement.ReplaceStatement quixbugs/faulty_programs/FIND_IN_SORTED.java:28 -> quixbugs/faulty_programs/FIND_IN_SORTED.java:104 | gin.edit.statement.SwapStatement quixbugs/faulty_programs/FIND_IN_SORTED.java:104 <-> quixbugs/faulty_programs/FIND_IN_SORTED.java:104 | gin.edit.modifynode.SwapExpression quixbugs/faulty_programs/FIND_IN_SORTED.java:111 <-> quixbugs/faulty_programs/FIND_IN_SORTED.java:111 |","true","false","1.603819","11.0","6.0"
"faulty_programs.FIND_IN_SORTED.faulty_programs.FIND_IN_SORTED.find_in_sorted(int[],int)","| gin.edit.statement.ReplaceStatement quixbugs/faulty_programs/FIND_IN_SORTED.java:28 -> quixbugs/faulty_programs/FIND_IN_SORTED.java:104 | gin.edit.statement.SwapStatement quixbugs/faulty_programs/FIND_IN_SORTED.java:104 <-> quixbugs/faulty_programs/FIND_IN_SORTED.java:104 | gin.edit.statement.ReplaceStatement quixbugs/faulty_programs/FIND_IN_SORTED.java:20 -> quixbugs/faulty_programs/FIND_IN_SORTED.java:104 | gin.edit.statement.ReplaceStatement quixbugs/faulty_programs/FIND_IN_SORTED.java:21 -> quixbugs/faulty_programs/FIND_IN_SORTED.java:104 |","true","false","1.62883","11.0","6.0"
"faulty_programs.FIND_IN_SORTED.faulty_programs.FIND_IN_SORTED.find_in_sorted(int[],int)","| gin.edit.statement.SwapStatement quixbugs/faulty_programs/FIND_IN_SORTED.java:104 <-> quixbugs/faulty_programs/FIND_IN_SORTED.java:104 | gin.edit.statement.ReplaceStatement quixbugs/faulty_programs/FIND_IN_SORTED.java:20 -> quixbugs/faulty_programs/FIND_IN_SORTED.java:104 | gin.edit.statement.ReplaceStatement quixbugs/faulty_programs/FIND_IN_SORTED.java:21 -> quixbugs/faulty_programs/FIND_IN_SORTED.java:104 | gin.edit.statement.ReplaceStatement quixbugs/faulty_programs/FIND_IN_SORTED.java:27 -> quixbugs/faulty_programs/FIND_IN_SORTED.java:104 |","false","false","0.0","0.0","-5.0"
"faulty_programs.FIND_IN_SORTED.faulty_programs.FIND_IN_SORTED.find_in_sorted(int[],int)","| gin.edit.statement.SwapStatement quixbugs/faulty_programs/FIND_IN_SORTED.java:104 <-> quixbugs/faulty_programs/FIND_IN_SORTED.java:104 | gin.edit.statement.ReplaceStatement quixbugs/faulty_programs/FIND_IN_SORTED.java:20 -> quixbugs/faulty_programs/FIND_IN_SORTED.java:104 | gin.edit.statement.ReplaceStatement quixbugs/faulty_programs/FIND_IN_SORTED.java:21 -> quixbugs/faulty_programs/FIND_IN_SORTED.java:104 | gin.edit.statement.SwapStatement quixbugs/faulty_programs/FIND_IN_SORTED.java:104 <-> quixbugs/faulty_programs/FIND_IN_SORTED.java:104 | gin.edit.statement.ReplaceStatement quixbugs/faulty_programs/FIND_IN_SORTED.java:27 -> quixbugs/faulty_programs/FIND_IN_SORTED.java:103 | gin.edit.modifynode.ReplaceExpression quixbugs/faulty_programs/FIND_IN_SORTED.java:52 -> quixbugs/faulty_programs/FIND_IN_SORTED.java:113 | gin.edit.statement.SwapStatement quixbugs/faulty_programs/FIND_IN_SORTED.java:104 <-> quixbugs/faulty_programs/FIND_IN_SORTED.java:104 |","true","false","1.537424","11.0","6.0"
"faulty_programs.FIND_IN_SORTED.faulty_programs.FIND_IN_SORTED.find_in_sorted(int[],int)","| gin.edit.statement.ReplaceStatement quixbugs/faulty_programs/FIND_IN_SORTED.java:28 -> quixbugs/faulty_programs/FIND_IN_SORTED.java:104 | gin.edit.modifynode.SwapExpression quixbugs/faulty_programs/FIND_IN_SORTED.java:105 <-> quixbugs/faulty_programs/FIND_IN_SORTED.java:113 | gin.edit.statement.SwapStatement quixbugs/faulty_programs/FIND_IN_SORTED.java:104 <-> quixbugs/faulty_programs/FIND_IN_SORTED.java:103 | gin.edit.modifynode.SwapExpression quixbugs/faulty_programs/FIND_IN_SORTED.java:112 <-> quixbugs/faulty_programs/FIND_IN_SORTED.java:109 | gin.edit.statement.ReplaceStatement quixbugs/faulty_programs/FIND_IN_SORTED.java:57 -> quixbugs/faulty_programs/FIND_IN_SORTED.java:104 |","true","false","1.53448","11.0","6.0"
"faulty_programs.FIND_IN_SORTED.faulty_programs.FIND_IN_SORTED.find_in_sorted(int[],int)","| gin.edit.statement.ReplaceStatement quixbugs/faulty_programs/FIND_IN_SORTED.java:28 -> quixbugs/faulty_programs/FIND_IN_SORTED.java:104 | gin.edit.statement.SwapStatement quixbugs/faulty_programs/FIND_IN_SORTED.java:104 <-> quixbugs/faulty_programs/FIND_IN_SORTED.java:104 | gin.edit.statement.ReplaceStatement quixbugs/faulty_programs/FIND_IN_SORTED.java:27 -> quixbugs/faulty_programs/FIND_IN_SORTED.java:104 | gin.edit.statement.CopyStatement quixbugs/faulty_programs/FIND_IN_SORTED.java:68 -> quixbugs/faulty_programs/FIND_IN_SORTED.java:103:103 |","false","false","0.0","0.0","-5.0"
"faulty_programs.FIND_IN_SORTED.faulty_programs.FIND_IN_SORTED.find_in_sorted(int[],int)","| gin.edit.statement.ReplaceStatement quixbugs/faulty_programs/FIND_IN_SORTED.java:28 -> quixbugs/faulty_programs/FIND_IN_SORTED.java:104 | gin.edit.statement.SwapStatement quixbugs/faulty_programs/FIND_IN_SORTED.java:104 <-> quixbugs/faulty_programs/FIND_IN_SORTED.java:103 | gin.edit.statement.ReplaceStatement quixbugs/faulty_programs/FIND_IN_SORTED.java:57 -> quixbugs/faulty_programs/FIND_IN_SORTED.java:104 | gin.edit.statement.ReplaceStatement quixbugs/faulty_programs/FIND_IN_SORTED.java:28 -> quixbugs/faulty_programs/FIND_IN_SORTED.java:104 | gin.edit.statement.DeleteStatement quixbugs/faulty_programs/FIND_IN_SORTED.java:104 |","true","false","1.486444","11.0","6.0"
"faulty_programs.FIND_IN_SORTED.faulty_programs.FIND_IN_SORTED.find_in_sorted(int[],int)","| gin.edit.statement.ReplaceStatement quixbugs/faulty_programs/FIND_IN_SORTED.java:28 -> quixbugs/faulty_programs/FIND_IN_SORTED.java:104 | gin.edit.statement.SwapStatement quixbugs/faulty_programs/FIND_IN_SORTED.java:104 <-> quixbugs/faulty_programs/FIND_IN_SORTED.java:104 | gin.edit.statement.ReplaceStatement quixbugs/faulty_programs/FIND_IN_SORTED.java:28 -> quixbugs/faulty_programs/FIND_IN_SORTED.java:104 | gin.edit.modifynode.SwapExpression quixbugs/faulty_programs/FIND_IN_SORTED.java:105 <-> quixbugs/faulty_programs/FIND_IN_SORTED.java:113 | gin.edit.statement.SwapStatement quixbugs/faulty_programs/FIND_IN_SORTED.java:104 <-> quixbugs/faulty_programs/FIND_IN_SORTED.java:103 | gin.edit.statement.ReplaceStatement quixbugs/faulty_programs/FIND_IN_SORTED.java:27 -> quixbugs/faulty_programs/FIND_IN_SORTED.java:103 |","true","false","1.647255","11.0","6.0"
"faulty_programs.FIND_IN_SORTED.faulty_programs.FIND_IN_SORTED.find_in_sorted(int[],int)","| gin.edit.statement.ReplaceStatement quixbugs/faulty_programs/FIND_IN_SORTED.java:28 -> quixbugs/faulty_programs/FIND_IN_SORTED.java:104 | gin.edit.statement.DeleteStatement quixbugs/faulty_programs/FIND_IN_SORTED.java:104 | gin.edit.modifynode.ReplaceExpression quixbugs/faulty_programs/FIND_IN_SORTED.java:81 -> quixbugs/faulty_programs/FIND_IN_SORTED.java:111 | gin.edit.statement.ReplaceStatement quixbugs/faulty_programs/FIND_IN_SORTED.java:21 -> quixbugs/faulty_programs/FIND_IN_SORTED.java:104 |","true","false","1.671315","11.0","6.0"
"faulty_programs.FIND_IN_SORTED.faulty_programs.FIND_IN_SORTED.find_in_sorted(int[],int)","| gin.edit.statement.ReplaceStatement quixbugs/faulty_programs/FIND_IN_SORTED.java:28 -> quixbugs/faulty_programs/FIND_IN_SORTED.java:104 | gin.edit.statement.SwapStatement quixbugs/faulty_programs/FIND_IN_SORTED.java:104 <-> quixbugs/faulty_programs/FIND_IN_SORTED.java:104 | gin.edit.statement.ReplaceStatement quixbugs/faulty_programs/FIND_IN_SORTED.java:28 -> quixbugs/faulty_programs/FIND_IN_SORTED.java:104 | gin.edit.modifynode.SwapExpression quixbugs/faulty_programs/FIND_IN_SORTED.java:105 <-> quixbugs/faulty_programs/FIND_IN_SORTED.java:113 | gin.edit.statement.CopyStatement quixbugs/faulty_programs/FIND_IN_SORTED.java:57 -> quixbugs/faulty_programs/FIND_IN_SORTED.java:103:104 |","true","false","1.704707","11.0","6.0"
"faulty_programs.FIND_IN_SORTED.faulty_programs.FIND_IN_SORTED.find_in_sorted(int[],int)","| gin.edit.statement.ReplaceStatement quixbugs/faulty_programs/FIND_IN_SORTED.java:28 -> quixbugs/faulty_programs/FIND_IN_SORTED.java:104 | gin.edit.statement.DeleteStatement quixbugs/faulty_programs/FIND_IN_SORTED.java:104 | gin.edit.modifynode.SwapExpression quixbugs/faulty_programs/FIND_IN_SORTED.java:105 <-> quixbugs/faulty_programs/FIND_IN_SORTED.java:113 |","true","false","1.608952","11.0","6.0"
"faulty_programs.FIND_IN_SORTED.faulty_programs.FIND_IN_SORTED.find_in_sorted(int[],int)","| gin.edit.statement.SwapStatement quixbugs/faulty_programs/FIND_IN_SORTED.java:104 <-> quixbugs/faulty_programs/FIND_IN_SORTED.java:104 | gin.edit.statement.ReplaceStatement quixbugs/faulty_programs/FIND_IN_SORTED.java:28 -> quixbugs/faulty_programs/FIND_IN_SORTED.java:104 | gin.edit.statement.DeleteStatement quixbugs/faulty_programs/FIND_IN_SORTED.java:104 | gin.edit.statement.SwapStatement quixbugs/faulty_programs/FIND_IN_SORTED.java:103 <-> quixbugs/faulty_programs/FIND_IN_SORTED.java:103 |","true","false","1.550628","11.0","6.0"
"faulty_programs.FIND_IN_SORTED.faulty_programs.FIND_IN_SORTED.find_in_sorted(int[],int)","| gin.edit.modifynode.SwapExpression quixbugs/faulty_programs/FIND_IN_SORTED.java:105 <-> quixbugs/faulty_programs/FIND_IN_SORTED.java:113 | gin.edit.statement.ReplaceStatement quixbugs/faulty_programs/FIND_IN_SORTED.java:28 -> quixbugs/faulty_programs/FIND_IN_SORTED.java:104 | gin.edit.modifynode.ReplaceExpression quixbugs/faulty_programs/FIND_IN_SORTED.java:87 -> quixbugs/faulty_programs/FIND_IN_SORTED.java:111 | gin.edit.statement.DeleteStatement quixbugs/faulty_programs/FIND_IN_SORTED.java:104 | gin.edit.modifynode.SwapExpression quixbugs/faulty_programs/FIND_IN_SORTED.java:105 <-> quixbugs/faulty_programs/FIND_IN_SORTED.java:112 |","true","false","1.692672","11.0","6.0"
"faulty_programs.FIND_IN_SORTED.faulty_programs.FIND_IN_SORTED.find_in_sorted(int[],int)","| gin.edit.statement.SwapStatement quixbugs/faulty_programs/FIND_IN_SORTED.java:104 <-> quixbugs/faulty_programs/FIND_IN_SORTED.java:104 | gin.edit.statement.ReplaceStatement quixbugs/faulty_programs/FIND_IN_SORTED.java:28 -> quixbugs/faulty_programs/FIND_IN_SORTED.java:104 | gin.edit.statement.SwapStatement quixbugs/faulty_programs/FIND_IN_SORTED.java:104 <-> quixbugs/faulty_programs/FIND_IN_SORTED.java:104 | gin.edit.statement.ReplaceStatement quixbugs/faulty_programs/FIND_IN_SORTED.java:27 -> quixbugs/faulty_programs/FIND_IN_SORTED.java:103 | gin.edit.modifynode.ReplaceExpression quixbugs/faulty_programs/FIND_IN_SORTED.java:52 -> quixbugs/faulty_programs/FIND_IN_SORTED.java:113 | gin.edit.statement.ReplaceStatement quixbugs/faulty_programs/FIND_IN_SORTED.java:28 -> quixbugs/faulty_programs/FIND_IN_SORTED.java:103 | gin.edit.modifynode.ReplaceExpression quixbugs/faulty_programs/FIND_IN_SORTED.java:29 -> quixbugs/faulty_programs/FIND_IN_SORTED.java:105 |","true","false","1.621903","11.0","6.0"
"faulty_programs.FIND_IN_SORTED.faulty_programs.FIND_IN_SORTED.find_in_sorted(int[],int)","| gin.edit.modifynode.SwapExpression quixbugs/faulty_programs/FIND_IN_SORTED.java:105 <-> quixbugs/faulty_programs/FIND_IN_SORTED.java:113 | gin.edit.modifynode.ReplaceExpression quixbugs/faulty_programs/FIND_IN_SORTED.java:87 -> quixbugs/faulty_programs/FIND_IN_SORTED.java:111 | gin.edit.statement.DeleteStatement quixbugs/faulty_programs/FIND_IN_SORTED.java:104 | gin.edit.statement.SwapStatement quixbugs/faulty_programs/FIND_IN_SORTED.java:104 <-> quixbugs/faulty_programs/FIND_IN_SORTED.java:104 | gin.edit.statement.SwapStatement quixbugs/faulty_programs/FIND_IN_SORTED.java:104 <-> quixbugs/faulty_programs/FIND_IN_SORTED.java:104 | gin.edit.statement.ReplaceStatement quixbugs/faulty_programs/FIND_IN_SORTED.java:27 -> quixbugs/faulty_programs/FIND_IN_SORTED.java:103 | gin.edit.modifynode.ReplaceExpression quixbugs/faulty_programs/FIND_IN_SORTED.java:52 -> quixbugs/faulty_programs/FIND_IN_SORTED.java:113 | gin.edit.statement.ReplaceStatement quixbugs/faulty_programs/FIND_IN_SORTED.java:103 -> quixbugs/faulty_programs/FIND_IN_SORTED.java:104 |","true","false","1.535455","11.0","6.0"
"faulty_programs.FIND_IN_SORTED.faulty_programs.FIND_IN_SORTED.find_in_sorted(int[],int)","| gin.edit.statement.ReplaceStatement quixbugs/faulty_programs/FIND_IN_SORTED.java:27 -> quixbugs/faulty_programs/FIND_IN_SORTED.java:103 | gin.edit.modifynode.ReplaceExpression quixbugs/faulty_programs/FIND_IN_SORTED.java:52 -> quixbugs/faulty_programs/FIND_IN_SORTED.java:113 | gin.edit.statement.ReplaceStatement quixbugs/faulty_programs/FIND_IN_SORTED.java:28 -> quixbugs/faulty_programs/FIND_IN_SORTED.java:103 | gin.edit.statement.ReplaceStatement quixbugs/faulty_programs/FIND_IN_SORTED.java:28 -> quixbugs/faulty_programs/FIND_IN_SORTED.java:104 |","true","false","1.754405","11.0","6.0"
"faulty_programs.FIND_IN_SORTED.faulty_programs.FIND_IN_SORTED.find_in_sorted(int[],int)","| gin.edit.statement.SwapStatement quixbugs/faulty_programs/FIND_IN_SORTED.java:104 <-> quixbugs/faulty_programs/FIND_IN_SORTED.java:104 | gin.edit.statement.ReplaceStatement quixbugs/faulty_programs/FIND_IN_SORTED.java:28 -> quixbugs/faulty_programs/FIND_IN_SORTED.java:104 | gin.edit.statement.SwapStatement quixbugs/faulty_programs/FIND_IN_SORTED.java:104 <-> quixbugs/faulty_programs/FIND_IN_SORTED.java:104 | gin.edit.statement.ReplaceStatement quixbugs/faulty_programs/FIND_IN_SORTED.java:104 -> quixbugs/faulty_programs/FIND_IN_SORTED.java:104 | gin.edit.statement.DeleteStatement quixbugs/faulty_programs/FIND_IN_SORTED.java:104 |","true","false","1.720667","11.0","6.0"
"faulty_programs.FIND_IN_SORTED.faulty_programs.FIND_IN_SORTED.find_in_sorted(int[],int)","| gin.edit.statement.ReplaceStatement quixbugs/faulty_programs/FIND_IN_SORTED.java:28 -> quixbugs/faulty_programs/FIND_IN_SORTED.java:104 | gin.edit.statement.SwapStatement quixbugs/faulty_programs/FIND_IN_SORTED.java:104 <-> quixbugs/faulty_programs/FIND_IN_SORTED.java:104 | gin.edit.statement.ReplaceStatement quixbugs/faulty_programs/FIND_IN_SORTED.java:28 -> quixbugs/faulty_programs/FIND_IN_SORTED.java:104 | gin.edit.modifynode.SwapExpression quixbugs/faulty_programs/FIND_IN_SORTED.java:105 <-> quixbugs/faulty_programs/FIND_IN_SORTED.java:113 | gin.edit.modifynode.SwapExpression quixbugs/faulty_programs/FIND_IN_SORTED.java:113 <-> quixbugs/faulty_programs/FIND_IN_SORTED.java:109 |","true","false","1.684893","11.0","6.0"
"faulty_programs.FIND_IN_SORTED.faulty_programs.FIND_IN_SORTED.find_in_sorted(int[],int)","| gin.edit.statement.SwapStatement quixbugs/faulty_programs/FIND_IN_SORTED.java:104 <-> quixbugs/faulty_programs/FIND_IN_SORTED.java:104 | gin.edit.statement.SwapStatement quixbugs/faulty_programs/FIND_IN_SORTED.java:104 <-> quixbugs/faulty_programs/FIND_IN_SORTED.java:104 | gin.edit.statement.ReplaceStatement quixbugs/faulty_programs/FIND_IN_SORTED.java:28 -> quixbugs/faulty_programs/FIND_IN_SORTED.java:104 | gin.edit.statement.SwapStatement quixbugs/faulty_programs/FIND_IN_SORTED.java:104 <-> quixbugs/faulty_programs/FIND_IN_SORTED.java:104 | gin.edit.statement.ReplaceStatement quixbugs/faulty_programs/FIND_IN_SORTED.java:28 -> quixbugs/faulty_programs/FIND_IN_SORTED.java:104 | gin.edit.statement.DeleteStatement quixbugs/faulty_programs/FIND_IN_SORTED.java:103 |","false","false","0.0","0.0","-5.0"
"faulty_programs.FIND_IN_SORTED.faulty_programs.FIND_IN_SORTED.find_in_sorted(int[],int)","| gin.edit.statement.SwapStatement quixbugs/faulty_programs/FIND_IN_SORTED.java:104 <-> quixbugs/faulty_programs/FIND_IN_SORTED.java:104 | gin.edit.statement.ReplaceStatement quixbugs/faulty_programs/FIND_IN_SORTED.java:104 -> quixbugs/faulty_programs/FIND_IN_SORTED.java:104 | gin.edit.statement.DeleteStatement quixbugs/faulty_programs/FIND_IN_SORTED.java:104 |","false","false","0.0","0.0","-5.0"
"faulty_programs.FIND_IN_SORTED.faulty_programs.FIND_IN_SORTED.find_in_sorted(int[],int)","| gin.edit.modifynode.SwapExpression quixbugs/faulty_programs/FIND_IN_SORTED.java:105 <-> quixbugs/faulty_programs/FIND_IN_SORTED.java:113 | gin.edit.statement.ReplaceStatement quixbugs/faulty_programs/FIND_IN_SORTED.java:28 -> quixbugs/faulty_programs/FIND_IN_SORTED.java:104 | gin.edit.modifynode.ReplaceExpression quixbugs/faulty_programs/FIND_IN_SORTED.java:87 -> quixbugs/faulty_programs/FIND_IN_SORTED.java:111 | gin.edit.statement.DeleteStatement quixbugs/faulty_programs/FIND_IN_SORTED.java:104 | gin.edit.modifynode.SwapExpression quixbugs/faulty_programs/FIND_IN_SORTED.java:105 <-> quixbugs/faulty_programs/FIND_IN_SORTED.java:113 |","true","false","1.605538","11.0","6.0"
"faulty_programs.FIND_IN_SORTED.faulty_programs.FIND_IN_SORTED.find_in_sorted(int[],int)","| gin.edit.statement.ReplaceStatement quixbugs/faulty_programs/FIND_IN_SORTED.java:28 -> quixbugs/faulty_programs/FIND_IN_SORTED.java:104 | gin.edit.modifynode.SwapExpression quixbugs/faulty_programs/FIND_IN_SORTED.java:105 <-> quixbugs/faulty_programs/FIND_IN_SORTED.java:113 | gin.edit.statement.SwapStatement quixbugs/faulty_programs/FIND_IN_SORTED.java:104 <-> quixbugs/faulty_programs/FIND_IN_SORTED.java:103 | gin.edit.modifynode.SwapExpression quixbugs/faulty_programs/FIND_IN_SORTED.java:112 <-> quixbugs/faulty_programs/FIND_IN_SORTED.java:109 | gin.edit.statement.ReplaceStatement quixbugs/faulty_programs/FIND_IN_SORTED.java:57 -> quixbugs/faulty_programs/FIND_IN_SORTED.java:104 | gin.edit.modifynode.SwapExpression quixbugs/faulty_programs/FIND_IN_SORTED.java:111 <-> quixbugs/faulty_programs/FIND_IN_SORTED.java:109 |","true","false","1.721746","11.0","6.0"
"faulty_programs.FIND_IN_SORTED.faulty_programs.FIND_IN_SORTED.find_in_sorted(int[],int)","| gin.edit.statement.ReplaceStatement quixbugs/faulty_programs/FIND_IN_SORTED.java:28 -> quixbugs/faulty_programs/FIND_IN_SORTED.java:104 | gin.edit.statement.ReplaceStatement quixbugs/faulty_programs/FIND_IN_SORTED.java:28 -> quixbugs/faulty_programs/FIND_IN_SORTED.java:104 | gin.edit.statement.SwapStatement quixbugs/faulty_programs/FIND_IN_SORTED.java:104 <-> quixbugs/faulty_programs/FIND_IN_SORTED.java:103 | gin.edit.modifynode.ReplaceExpression quixbugs/faulty_programs/FIND_IN_SORTED.java:36 -> quixbugs/faulty_programs/FIND_IN_SORTED.java:105 |","true","false","1.625728","11.0","6.0"
"faulty_programs.FIND_IN_SORTED.faulty_programs.FIND_IN_SORTED.find_in_sorted(int[],int)","| gin.edit.statement.ReplaceStatement quixbugs/faulty_programs/FIND_IN_SORTED.java:28 -> quixbugs/faulty_programs/FIND_IN_SORTED.java:104 | gin.edit.modifynode.SwapExpression quixbugs/faulty_programs/FIND_IN_SORTED.java:105 <-> quixbugs/faulty_programs/FIND_IN_SORTED.java:113 | gin.edit.modifynode.SwapExpression quixbugs/faulty_programs/FIND_IN_SORTED.java:105 <-> quixbugs/faulty_programs/FIND_IN_SORTED.java:113 | gin.edit.statement.ReplaceStatement quixbugs/faulty_programs/FIND_IN_SORTED.java:28 -> quixbugs/faulty_programs/FIND_IN_SORTED.java:104 | gin.edit.modifynode.SwapExpression quixbugs/faulty_programs/FIND_IN_SORTED.java:113 <-> quixbugs/faulty_programs/FIND_IN_SORTED.java:109 |","true","false","1.652914","11.0","6.0"
"faulty_programs.FIND_IN_SORTED.faulty_programs.FIND_IN_SORTED.find_in_sorted(int[],int)","| gin.edit.statement.ReplaceStatement quixbugs/faulty_programs/FIND_IN_SORTED.java:28 -> quixbugs/faulty_programs/FIND_IN_SORTED.java:104 | gin.edit.statement.SwapStatement quixbugs/faulty_programs/FIND_IN_SORTED.java:104 <-> quixbugs/faulty_programs/FIND_IN_SORTED.java:104 | gin.edit.statement.ReplaceStatement quixbugs/faulty_programs/FIND_IN_SORTED.java:20 -> quixbugs/faulty_programs/FIND_IN_SORTED.java:104 | gin.edit.statement.SwapStatement quixbugs/faulty_programs/FIND_IN_SORTED.java:104 <-> quixbugs/faulty_programs/FIND_IN_SORTED.java:104 | gin.edit.statement.ReplaceStatement quixbugs/faulty_programs/FIND_IN_SORTED.java:77 -> quixbugs/faulty_programs/FIND_IN_SORTED.java:103 |","false","false","0.0","0.0","-5.0"
"faulty_programs.FIND_IN_SORTED.faulty_programs.FIND_IN_SORTED.find_in_sorted(int[],int)","| gin.edit.statement.ReplaceStatement quixbugs/faulty_programs/FIND_IN_SORTED.java:28 -> quixbugs/faulty_programs/FIND_IN_SORTED.java:104 | gin.edit.statement.ReplaceStatement quixbugs/faulty_programs/FIND_IN_SORTED.java:28 -> quixbugs/faulty_programs/FIND_IN_SORTED.java:104 | gin.edit.statement.DeleteStatement quixbugs/faulty_programs/FIND_IN_SORTED.java:104 | gin.edit.statement.DeleteStatement quixbugs/faulty_programs/FIND_IN_SORTED.java:104 | gin.edit.statement.SwapStatement quixbugs/faulty_programs/FIND_IN_SORTED.java:103 <-> quixbugs/faulty_programs/FIND_IN_SORTED.java:103 | gin.edit.statement.CopyStatement quixbugs/faulty_programs/FIND_IN_SORTED.java:103 -> quixbugs/faulty_programs/FIND_IN_SORTED.java:103:104 |","true","false","1.351755","11.0","6.0"
"faulty_programs.FIND_IN_SORTED.faulty_programs.FIND_IN_SORTED.find_in_sorted(int[],int)","| gin.edit.statement.ReplaceStatement quixbugs/faulty_programs/FIND_IN_SORTED.java:28 -> quixbugs/faulty_programs/FIND_IN_SORTED.java:104 | gin.edit.statement.DeleteStatement quixbugs/faulty_programs/FIND_IN_SORTED.java:104 | gin.edit.statement.SwapStatement quixbugs/faulty_programs/FIND_IN_SORTED.java:103 <-> quixbugs/faulty_programs/FIND_IN_SORTED.java:103 | gin.edit.statement.ReplaceStatement quixbugs/faulty_programs/FIND_IN_SORTED.java:90 -> quixbugs/faulty_programs/FIND_IN_SORTED.java:103 |","true","false","0.0","0.0","-5.0"
"faulty_programs.FIND_IN_SORTED.faulty_programs.FIND_IN_SORTED.find_in_sorted(int[],int)","| gin.edit.statement.ReplaceStatement quixbugs/faulty_programs/FIND_IN_SORTED.java:28 -> quixbugs/faulty_programs/FIND_IN_SORTED.java:104 | gin.edit.statement.DeleteStatement quixbugs/faulty_programs/FIND_IN_SORTED.java:104 | gin.edit.statement.DeleteStatement quixbugs/faulty_programs/FIND_IN_SORTED.java:104 | gin.edit.statement.SwapStatement quixbugs/faulty_programs/FIND_IN_SORTED.java:104 <-> quixbugs/faulty_programs/FIND_IN_SORTED.java:104 | gin.edit.statement.ReplaceStatement quixbugs/faulty_programs/FIND_IN_SORTED.java:20 -> quixbugs/faulty_programs/FIND_IN_SORTED.java:104 | gin.edit.statement.SwapStatement quixbugs/faulty_programs/FIND_IN_SORTED.java:104 <-> quixbugs/faulty_programs/FIND_IN_SORTED.java:104 | gin.edit.statement.ReplaceStatement quixbugs/faulty_programs/FIND_IN_SORTED.java:90 -> quixbugs/faulty_programs/FIND_IN_SORTED.java:103 |","true","false","0.0","0.0","-5.0"
"faulty_programs.FIND_IN_SORTED.faulty_programs.FIND_IN_SORTED.find_in_sorted(int[],int)","| gin.edit.modifynode.SwapExpression quixbugs/faulty_programs/FIND_IN_SORTED.java:112 <-> quixbugs/faulty_programs/FIND_IN_SORTED.java:109 | gin.edit.statement.ReplaceStatement quixbugs/faulty_programs/FIND_IN_SORTED.java:28 -> quixbugs/faulty_programs/FIND_IN_SORTED.java:104 | gin.edit.statement.DeleteStatement quixbugs/faulty_programs/FIND_IN_SORTED.java:104 | gin.edit.statement.ReplaceStatement quixbugs/faulty_programs/FIND_IN_SORTED.java:27 -> quixbugs/faulty_programs/FIND_IN_SORTED.java:103 |","true","false","1.638758","11.0","6.0"
"faulty_programs.FIND_IN_SORTED.faulty_programs.FIND_IN_SORTED.find_in_sorted(int[],int)","| gin.edit.statement.ReplaceStatement quixbugs/faulty_programs/FIND_IN_SORTED.java:28 -> quixbugs/faulty_programs/FIND_IN_SORTED.java:104 | gin.edit.statement.SwapStatement quixbugs/faulty_programs/FIND_IN_SORTED.java:104 <-> quixbugs/faulty_programs/FIND_IN_SORTED.java:104 | gin.edit.statement.ReplaceStatement quixbugs/faulty_programs/FIND_IN_SORTED.java:27 -> quixbugs/faulty_programs/FIND_IN_SORTED.java:104 | gin.edit.statement.SwapStatement quixbugs/faulty_programs/FIND_IN_SORTED.java:104 <-> quixbugs/faulty_programs/FIND_IN_SORTED.java:104 |","true","false","12.459661","11.0","6.0"
"faulty_programs.FIND_IN_SORTED.faulty_programs.FIND_IN_SORTED.find_in_sorted(int[],int)","| gin.edit.statement.ReplaceStatement quixbugs/faulty_programs/FIND_IN_SORTED.java:28 -> quixbugs/faulty_programs/FIND_IN_SORTED.java:104 | gin.edit.statement.DeleteStatement quixbugs/faulty_programs/FIND_IN_SORTED.java:104 | gin.edit.statement.ReplaceStatement quixbugs/faulty_programs/FIND_IN_SORTED.java:28 -> quixbugs/faulty_programs/FIND_IN_SORTED.java:104 | gin.edit.statement.ReplaceStatement quixbugs/faulty_programs/FIND_IN_SORTED.java:27 -> quixbugs/faulty_programs/FIND_IN_SORTED.java:104 |","true","false","1.561144","11.0","6.0"
"faulty_programs.FIND_IN_SORTED.faulty_programs.FIND_IN_SORTED.find_in_sorted(int[],int)","| gin.edit.statement.ReplaceStatement quixbugs/faulty_programs/FIND_IN_SORTED.java:28 -> quixbugs/faulty_programs/FIND_IN_SORTED.java:104 | gin.edit.statement.DeleteStatement quixbugs/faulty_programs/FIND_IN_SORTED.java:104 | gin.edit.modifynode.ReplaceExpression quixbugs/faulty_programs/FIND_IN_SORTED.java:111 -> quixbugs/faulty_programs/FIND_IN_SORTED.java:105 |","true","false","1.735271","11.0","6.0"
"faulty_programs.FIND_IN_SORTED.faulty_programs.FIND_IN_SORTED.find_in_sorted(int[],int)","| gin.edit.statement.ReplaceStatement quixbugs/faulty_programs/FIND_IN_SORTED.java:28 -> quixbugs/faulty_programs/FIND_IN_SORTED.java:104 | gin.edit.modifynode.SwapExpression quixbugs/faulty_programs/FIND_IN_SORTED.java:105 <-> quixbugs/faulty_programs/FIND_IN_SORTED.java:113 | gin.edit.statement.SwapStatement quixbugs/faulty_programs/FIND_IN_SORTED.java:104 <-> quixbugs/faulty_programs/FIND_IN_SORTED.java:103 | gin.edit.modifynode.SwapExpression quixbugs/faulty_programs/FIND_IN_SORTED.java:112 <-> quixbugs/faulty_programs/FIND_IN_SORTED.java:109 | gin.edit.statement.ReplaceStatement quixbugs/faulty_programs/FIND_IN_SORTED.java:57 -> quixbugs/faulty_programs/FIND_IN_SORTED.java:104 | gin.edit.statement.DeleteStatement quixbugs/faulty_programs/FIND_IN_SORTED.java:103 |","false","false","0.0","0.0","-5.0"
"faulty_programs.FIND_IN_SORTED.faulty_programs.FIND_IN_SORTED.find_in_sorted(int[],int)","| gin.edit.statement.ReplaceStatement quixbugs/faulty_programs/FIND_IN_SORTED.java:28 -> quixbugs/faulty_programs/FIND_IN_SORTED.java:104 | gin.edit.statement.SwapStatement quixbugs/faulty_programs/FIND_IN_SORTED.java:104 <-> quixbugs/faulty_programs/FIND_IN_SORTED.java:104 | gin.edit.statement.ReplaceStatement quixbugs/faulty_programs/FIND_IN_SORTED.java:27 -> quixbugs/faulty_programs/FIND_IN_SORTED.java:104 |","true","false","1.467979","11.0","6.0"
"faulty_programs.FIND_IN_SORTED.faulty_programs.FIND_IN_SORTED.find_in_sorted(int[],int)","| gin.edit.modifynode.SwapExpression quixbugs/faulty_programs/FIND_IN_SORTED.java:105 <-> quixbugs/faulty_programs/FIND_IN_SORTED.java:113 | gin.edit.modifynode.SwapExpression quixbugs/faulty_programs/FIND_IN_SORTED.java:112 <-> quixbugs/faulty_programs/FIND_IN_SORTED.java:109 | gin.edit.statement.SwapStatement quixbugs/faulty_programs/FIND_IN_SORTED.java:104 <-> quixbugs/faulty_programs/FIND_IN_SORTED.java:104 | gin.edit.statement.DeleteStatement quixbugs/faulty_programs/FIND_IN_SORTED.java:104 |","false","false","0.0","0.0","-5.0"
"faulty_programs.FIND_IN_SORTED.faulty_programs.FIND_IN_SORTED.find_in_sorted(int[],int)","| gin.edit.statement.ReplaceStatement quixbugs/faulty_programs/FIND_IN_SORTED.java:28 -> quixbugs/faulty_programs/FIND_IN_SORTED.java:104 | gin.edit.statement.SwapStatement quixbugs/faulty_programs/FIND_IN_SORTED.java:104 <-> quixbugs/faulty_programs/FIND_IN_SORTED.java:103 | gin.edit.modifynode.SwapExpression quixbugs/faulty_programs/FIND_IN_SORTED.java:112 <-> quixbugs/faulty_programs/FIND_IN_SORTED.java:109 | gin.edit.statement.ReplaceStatement quixbugs/faulty_programs/FIND_IN_SORTED.java:57 -> quixbugs/faulty_programs/FIND_IN_SORTED.java:104 | gin.edit.statement.ReplaceStatement quixbugs/faulty_programs/FIND_IN_SORTED.java:78 -> quixbugs/faulty_programs/FIND_IN_SORTED.java:104 |","true","false","1.624572","11.0","6.0"
"faulty_programs.FIND_IN_SORTED.faulty_programs.FIND_IN_SORTED.find_in_sorted(int[],int)","| gin.edit.statement.ReplaceStatement quixbugs/faulty_programs/FIND_IN_SORTED.java:28 -> quixbugs/faulty_programs/FIND_IN_SORTED.java:104 | gin.edit.statement.ReplaceStatement quixbugs/faulty_programs/FIND_IN_SORTED.java:28 -> quixbugs/faulty_programs/FIND_IN_SORTED.java:104 | gin.edit.statement.DeleteStatement quixbugs/faulty_programs/FIND_IN_SORTED.java:104 | gin.edit.statement.DeleteStatement quixbugs/faulty_programs/FIND_IN_SORTED.java:104 | gin.edit.statement.SwapStatement quixbugs/faulty_programs/FIND_IN_SORTED.java:103 <-> quixbugs/faulty_programs/FIND_IN_SORTED.java:103 | gin.edit.statement.CopyStatement quixbugs/faulty_programs/FIND_IN_SORTED.java:103 -> quixbugs/faulty_programs/FIND_IN_SORTED.java:103:104 |","true","false","1.611931","11.0","6.0"
"faulty_programs.FIND_IN_SORTED.faulty_programs.FIND_IN_SORTED.find_in_sorted(int[],int)","| gin.edit.statement.ReplaceStatement quixbugs/faulty_programs/FIND_IN_SORTED.java:28 -> quixbugs/faulty_programs/FIND_IN_SORTED.java:104 | gin.edit.modifynode.SwapExpression quixbugs/faulty_programs/FIND_IN_SORTED.java:105 <-> quixbugs/faulty_programs/FIND_IN_SORTED.java:113 | gin.edit.statement.SwapStatement quixbugs/faulty_programs/FIND_IN_SORTED.java:104 <-> quixbugs/faulty_programs/FIND_IN_SORTED.java:103 | gin.edit.modifynode.SwapExpression quixbugs/faulty_programs/FIND_IN_SORTED.java:112 <-> quixbugs/faulty_programs/FIND_IN_SORTED.java:109 | gin.edit.statement.ReplaceStatement quixbugs/faulty_programs/FIND_IN_SORTED.java:57 -> quixbugs/faulty_programs/FIND_IN_SORTED.java:104 | gin.edit.modifynode.SwapExpression quixbugs/faulty_programs/FIND_IN_SORTED.java:111 <-> quixbugs/faulty_programs/FIND_IN_SORTED.java:109 | gin.edit.statement.SwapStatement quixbugs/faulty_programs/FIND_IN_SORTED.java:103 <-> quixbugs/faulty_programs/FIND_IN_SORTED.java:104 |","true","false","1.498942","11.0","6.0"
"faulty_programs.FIND_IN_SORTED.faulty_programs.FIND_IN_SORTED.find_in_sorted(int[],int)","| gin.edit.statement.ReplaceStatement quixbugs/faulty_programs/FIND_IN_SORTED.java:28 -> quixbugs/faulty_programs/FIND_IN_SORTED.java:104 | gin.edit.modifynode.SwapExpression quixbugs/faulty_programs/FIND_IN_SORTED.java:112 <-> quixbugs/faulty_programs/FIND_IN_SORTED.java:109 | gin.edit.modifynode.SwapExpression quixbugs/faulty_programs/FIND_IN_SORTED.java:111 <-> quixbugs/faulty_programs/FIND_IN_SORTED.java:109 | gin.edit.statement.DeleteStatement quixbugs/faulty_programs/FIND_IN_SORTED.java:103 |","false","false","0.0","0.0","-5.0"
"faulty_programs.FIND_IN_SORTED.faulty_programs.FIND_IN_SORTED.find_in_sorted(int[],int)","| gin.edit.statement.ReplaceStatement quixbugs/faulty_programs/FIND_IN_SORTED.java:28 -> quixbugs/faulty_programs/FIND_IN_SORTED.java:104 | gin.edit.modifynode.SwapExpression quixbugs/faulty_programs/FIND_IN_SORTED.java:105 <-> quixbugs/faulty_programs/FIND_IN_SORTED.java:113 | gin.edit.statement.SwapStatement quixbugs/faulty_programs/FIND_IN_SORTED.java:104 <-> quixbugs/faulty_programs/FIND_IN_SORTED.java:103 | gin.edit.modifynode.SwapExpression quixbugs/faulty_programs/FIND_IN_SORTED.java:112 <-> quixbugs/faulty_programs/FIND_IN_SORTED.java:109 | gin.edit.statement.ReplaceStatement quixbugs/faulty_programs/FIND_IN_SORTED.java:57 -> quixbugs/faulty_programs/FIND_IN_SORTED.java:104 | gin.edit.modifynode.SwapExpression quixbugs/faulty_programs/FIND_IN_SORTED.java:111 <-> quixbugs/faulty_programs/FIND_IN_SORTED.java:109 | gin.edit.statement.ReplaceStatement quixbugs/faulty_programs/FIND_IN_SORTED.java:28 -> quixbugs/faulty_programs/FIND_IN_SORTED.java:104 | gin.edit.statement.ReplaceStatement quixbugs/faulty_programs/FIND_IN_SORTED.java:28 -> quixbugs/faulty_programs/FIND_IN_SORTED.java:104 | gin.edit.statement.SwapStatement quixbugs/faulty_programs/FIND_IN_SORTED.java:103 <-> quixbugs/faulty_programs/FIND_IN_SORTED.java:103 |","true","false","1.627132","11.0","6.0"
"faulty_programs.FIND_IN_SORTED.faulty_programs.FIND_IN_SORTED.find_in_sorted(int[],int)","| gin.edit.statement.ReplaceStatement quixbugs/faulty_programs/FIND_IN_SORTED.java:28 -> quixbugs/faulty_programs/FIND_IN_SORTED.java:104 | gin.edit.statement.SwapStatement quixbugs/faulty_programs/FIND_IN_SORTED.java:104 <-> quixbugs/faulty_programs/FIND_IN_SORTED.java:103 | gin.edit.statement.ReplaceStatement quixbugs/faulty_programs/FIND_IN_SORTED.java:57 -> quixbugs/faulty_programs/FIND_IN_SORTED.java:104 | gin.edit.statement.ReplaceStatement quixbugs/faulty_programs/FIND_IN_SORTED.java:28 -> quixbugs/faulty_programs/FIND_IN_SORTED.java:104 | gin.edit.statement.DeleteStatement quixbugs/faulty_programs/FIND_IN_SORTED.java:104 | gin.edit.statement.DeleteStatement quixbugs/faulty_programs/FIND_IN_SORTED.java:103 |","false","false","0.0","0.0","-5.0"
"faulty_programs.FIND_IN_SORTED.faulty_programs.FIND_IN_SORTED.find_in_sorted(int[],int)","| gin.edit.statement.ReplaceStatement quixbugs/faulty_programs/FIND_IN_SORTED.java:28 -> quixbugs/faulty_programs/FIND_IN_SORTED.java:104 | gin.edit.statement.DeleteStatement quixbugs/faulty_programs/FIND_IN_SORTED.java:104 | gin.edit.modifynode.ReplaceExpression quixbugs/faulty_programs/FIND_IN_SORTED.java:81 -> quixbugs/faulty_programs/FIND_IN_SORTED.java:111 | gin.edit.statement.ReplaceStatement quixbugs/faulty_programs/FIND_IN_SORTED.java:47 -> quixbugs/faulty_programs/FIND_IN_SORTED.java:104 | gin.edit.statement.DeleteStatement quixbugs/faulty_programs/FIND_IN_SORTED.java:104 |","true","false","1.59195","11.0","6.0"
"faulty_programs.FIND_IN_SORTED.faulty_programs.FIND_IN_SORTED.find_in_sorted(int[],int)","| gin.edit.statement.ReplaceStatement quixbugs/faulty_programs/FIND_IN_SORTED.java:28 -> quixbugs/faulty_programs/FIND_IN_SORTED.java:104 | gin.edit.statement.SwapStatement quixbugs/faulty_programs/FIND_IN_SORTED.java:104 <-> quixbugs/faulty_programs/FIND_IN_SORTED.java:103 | gin.edit.statement.ReplaceStatement quixbugs/faulty_programs/FIND_IN_SORTED.java:47 -> quixbugs/faulty_programs/FIND_IN_SORTED.java:104 | gin.edit.statement.SwapStatement quixbugs/faulty_programs/FIND_IN_SORTED.java:103 <-> quixbugs/faulty_programs/FIND_IN_SORTED.java:104 |","true","false","1.687863","11.0","6.0"
"faulty_programs.FIND_IN_SORTED.faulty_programs.FIND_IN_SORTED.find_in_sorted(int[],int)","| gin.edit.statement.ReplaceStatement quixbugs/faulty_programs/FIND_IN_SORTED.java:28 -> quixbugs/faulty_programs/FIND_IN_SORTED.java:104 | gin.edit.modifynode.ReplaceExpression quixbugs/faulty_programs/FIND_IN_SORTED.java:81 -> quixbugs/faulty_programs/FIND_IN_SORTED.java:111 | gin.edit.statement.ReplaceStatement quixbugs/faulty_programs/FIND_IN_SORTED.java:28 -> quixbugs/faulty_programs/FIND_IN_SORTED.java:104 | gin.edit.statement.ReplaceStatement quixbugs/faulty_programs/FIND_IN_SORTED.java:27 -> quixbugs/faulty_programs/FIND_IN_SORTED.java:104 |","true","false","1.637919","11.0","6.0"
"faulty_programs.FIND_IN_SORTED.faulty_programs.FIND_IN_SORTED.find_in_sorted(int[],int)","| gin.edit.statement.ReplaceStatement quixbugs/faulty_programs/FIND_IN_SORTED.java:27 -> quixbugs/faulty_programs/FIND_IN_SORTED.java:103 | gin.edit.modifynode.ReplaceExpression quixbugs/faulty_programs/FIND_IN_SORTED.java:52 -> quixbugs/faulty_programs/FIND_IN_SORTED.java:113 | gin.edit.statement.ReplaceStatement quixbugs/faulty_programs/FIND_IN_SORTED.java:28 -> quixbugs/faulty_programs/FIND_IN_SORTED.java:103 | gin.edit.statement.ReplaceStatement quixbugs/faulty_programs/FIND_IN_SORTED.java:28 -> quixbugs/faulty_programs/FIND_IN_SORTED.java:104 | gin.edit.modifynode.ReplaceExpression quixbugs/faulty_programs/FIND_IN_SORTED.java:48 -> quixbugs/faulty_programs/FIND_IN_SORTED.java:107 |","true","false","1.609813","11.0","6.0"
"faulty_programs.FIND_IN_SORTED.faulty_programs.FIND_IN_SORTED.find_in_sorted(int[],int)","| gin.edit.statement.SwapStatement quixbugs/faulty_programs/FIND_IN_SORTED.java:104 <-> quixbugs/faulty_programs/FIND_IN_SORTED.java:104 | gin.edit.statement.ReplaceStatement quixbugs/faulty_programs/FIND_IN_SORTED.java:27 -> quixbugs/faulty_programs/FIND_IN_SORTED.java:103 | gin.edit.modifynode.ReplaceExpression quixbugs/faulty_programs/FIND_IN_SORTED.java:52 -> quixbugs/faulty_programs/FIND_IN_SORTED.java:113 | gin.edit.statement.ReplaceStatement quixbugs/faulty_programs/FIND_IN_SORTED.java:28 -> quixbugs/faulty_programs/FIND_IN_SORTED.java:104 | gin.edit.statement.SwapStatement quixbugs/faulty_programs/FIND_IN_SORTED.java:104 <-> quixbugs/faulty_programs/FIND_IN_SORTED.java:104 | gin.edit.modifynode.SwapExpression quixbugs/faulty_programs/FIND_IN_SORTED.java:111 <-> quixbugs/faulty_programs/FIND_IN_SORTED.java:111 | gin.edit.statement.DeleteStatement quixbugs/faulty_programs/FIND_IN_SORTED.java:103 |","true","false","14.466301","11.0","6.0"
"faulty_programs.FIND_IN_SORTED.faulty_programs.FIND_IN_SORTED.find_in_sorted(int[],int)","| gin.edit.statement.SwapStatement quixbugs/faulty_programs/FIND_IN_SORTED.java:104 <-> quixbugs/faulty_programs/FIND_IN_SORTED.java:104 | gin.edit.modifynode.ReplaceExpression quixbugs/faulty_programs/FIND_IN_SORTED.java:52 -> quixbugs/faulty_programs/FIND_IN_SORTED.java:113 | gin.edit.statement.ReplaceStatement quixbugs/faulty_programs/FIND_IN_SORTED.java:28 -> quixbugs/faulty_programs/FIND_IN_SORTED.java:104 | gin.edit.modifynode.SwapExpression quixbugs/faulty_programs/FIND_IN_SORTED.java:111 <-> quixbugs/faulty_programs/FIND_IN_SORTED.java:111 | gin.edit.statement.SwapStatement quixbugs/faulty_programs/FIND_IN_SORTED.java:103 <-> quixbugs/faulty_programs/FIND_IN_SORTED.java:103 |","true","false","1.359149","11.0","6.0"
"faulty_programs.FIND_IN_SORTED.faulty_programs.FIND_IN_SORTED.find_in_sorted(int[],int)","| gin.edit.statement.SwapStatement quixbugs/faulty_programs/FIND_IN_SORTED.java:104 <-> quixbugs/faulty_programs/FIND_IN_SORTED.java:104 | gin.edit.modifynode.ReplaceExpression quixbugs/faulty_programs/FIND_IN_SORTED.java:52 -> quixbugs/faulty_programs/FIND_IN_SORTED.java:113 | gin.edit.statement.SwapStatement quixbugs/faulty_programs/FIND_IN_SORTED.java:104 <-> quixbugs/faulty_programs/FIND_IN_SORTED.java:104 | gin.edit.modifynode.SwapExpression quixbugs/faulty_programs/FIND_IN_SORTED.java:111 <-> quixbugs/faulty_programs/FIND_IN_SORTED.java:111 | gin.edit.modifynode.ReplaceExpression quixbugs/faulty_programs/FIND_IN_SORTED.java:52 -> quixbugs/faulty_programs/FIND_IN_SORTED.java:113 | gin.edit.statement.ReplaceStatement quixbugs/faulty_programs/FIND_IN_SORTED.java:28 -> quixbugs/faulty_programs/FIND_IN_SORTED.java:103 | gin.edit.statement.ReplaceStatement quixbugs/faulty_programs/FIND_IN_SORTED.java:28 -> quixbugs/faulty_programs/FIND_IN_SORTED.java:104 | gin.edit.statement.ReplaceStatement quixbugs/faulty_programs/FIND_IN_SORTED.java:47 -> quixbugs/faulty_programs/FIND_IN_SORTED.java:104 |","true","false","0.0","0.0","-5.0"
"faulty_programs.FIND_IN_SORTED.faulty_programs.FIND_IN_SORTED.find_in_sorted(int[],int)","| gin.edit.statement.SwapStatement quixbugs/faulty_programs/FIND_IN_SORTED.java:104 <-> quixbugs/faulty_programs/FIND_IN_SORTED.java:104 | gin.edit.statement.ReplaceStatement quixbugs/faulty_programs/FIND_IN_SORTED.java:28 -> quixbugs/faulty_programs/FIND_IN_SORTED.java:104 | gin.edit.statement.SwapStatement quixbugs/faulty_programs/FIND_IN_SORTED.java:104 <-> quixbugs/faulty_programs/FIND_IN_SORTED.java:104 | gin.edit.statement.ReplaceStatement quixbugs/faulty_programs/FIND_IN_SORTED.java:27 -> quixbugs/faulty_programs/FIND_IN_SORTED.java:103 | gin.edit.modifynode.ReplaceExpression quixbugs/faulty_programs/FIND_IN_SORTED.java:52 -> quixbugs/faulty_programs/FIND_IN_SORTED.java:113 | gin.edit.statement.ReplaceStatement quixbugs/faulty_programs/FIND_IN_SORTED.java:28 -> quixbugs/faulty_programs/FIND_IN_SORTED.java:103 | gin.edit.modifynode.ReplaceExpression quixbugs/faulty_programs/FIND_IN_SORTED.java:29 -> quixbugs/faulty_programs/FIND_IN_SORTED.java:105 | gin.edit.statement.DeleteStatement quixbugs/faulty_programs/FIND_IN_SORTED.java:103 |","true","false","1.317864","11.0","6.0"
"faulty_programs.FIND_IN_SORTED.faulty_programs.FIND_IN_SORTED.find_in_sorted(int[],int)","| gin.edit.statement.ReplaceStatement quixbugs/faulty_programs/FIND_IN_SORTED.java:28 -> quixbugs/faulty_programs/FIND_IN_SORTED.java:104 | gin.edit.modifynode.SwapExpression quixbugs/faulty_programs/FIND_IN_SORTED.java:105 <-> quixbugs/faulty_programs/FIND_IN_SORTED.java:113 | gin.edit.statement.SwapStatement quixbugs/faulty_programs/FIND_IN_SORTED.java:104 <-> quixbugs/faulty_programs/FIND_IN_SORTED.java:103 | gin.edit.modifynode.SwapExpression quixbugs/faulty_programs/FIND_IN_SORTED.java:112 <-> quixbugs/faulty_programs/FIND_IN_SORTED.java:109 | gin.edit.statement.ReplaceStatement quixbugs/faulty_programs/FIND_IN_SORTED.java:57 -> quixbugs/faulty_programs/FIND_IN_SORTED.java:104 | gin.edit.statement.DeleteStatement quixbugs/faulty_programs/FIND_IN_SORTED.java:103 |","false","false","0.0","0.0","-5.0"
"faulty_programs.FIND_IN_SORTED.faulty_programs.FIND_IN_SORTED.find_in_sorted(int[],int)","| gin.edit.statement.SwapStatement quixbugs/faulty_programs/FIND_IN_SORTED.java:104 <-> quixbugs/faulty_programs/FIND_IN_SORTED.java:104 | gin.edit.statement.ReplaceStatement quixbugs/faulty_programs/FIND_IN_SORTED.java:27 -> quixbugs/faulty_programs/FIND_IN_SORTED.java:103 | gin.edit.statement.ReplaceStatement quixbugs/faulty_programs/FIND_IN_SORTED.java:28 -> quixbugs/faulty_programs/FIND_IN_SORTED.java:103 | gin.edit.modifynode.ReplaceExpression quixbugs/faulty_programs/FIND_IN_SORTED.java:29 -> quixbugs/faulty_programs/FIND_IN_SORTED.java:105 | gin.edit.modifynode.SwapExpression quixbugs/faulty_programs/FIND_IN_SORTED.java:112 <-> quixbugs/faulty_programs/FIND_IN_SORTED.java:109 | gin.edit.statement.SwapStatement quixbugs/faulty_programs/FIND_IN_SORTED.java:104 <-> quixbugs/faulty_programs/FIND_IN_SORTED.java:103 |","true","false","1.69157","11.0","6.0"
"faulty_programs.FIND_IN_SORTED.faulty_programs.FIND_IN_SORTED.find_in_sorted(int[],int)","| gin.edit.statement.ReplaceStatement quixbugs/faulty_programs/FIND_IN_SORTED.java:28 -> quixbugs/faulty_programs/FIND_IN_SORTED.java:104 | gin.edit.statement.SwapStatement quixbugs/faulty_programs/FIND_IN_SORTED.java:104 <-> quixbugs/faulty_programs/FIND_IN_SORTED.java:103 | gin.edit.modifynode.SwapExpression quixbugs/faulty_programs/FIND_IN_SORTED.java:112 <-> quixbugs/faulty_programs/FIND_IN_SORTED.java:109 | gin.edit.statement.SwapStatement quixbugs/faulty_programs/FIND_IN_SORTED.java:104 <-> quixbugs/faulty_programs/FIND_IN_SORTED.java:104 | gin.edit.modifynode.ReplaceExpression quixbugs/faulty_programs/FIND_IN_SORTED.java:52 -> quixbugs/faulty_programs/FIND_IN_SORTED.java:113 | gin.edit.statement.DeleteStatement quixbugs/faulty_programs/FIND_IN_SORTED.java:104 |","true","false","1.578559","11.0","6.0"
"faulty_programs.FIND_IN_SORTED.faulty_programs.FIND_IN_SORTED.find_in_sorted(int[],int)","| gin.edit.statement.ReplaceStatement quixbugs/faulty_programs/FIND_IN_SORTED.java:28 -> quixbugs/faulty_programs/FIND_IN_SORTED.java:104 | gin.edit.statement.SwapStatement quixbugs/faulty_programs/FIND_IN_SORTED.java:104 <-> quixbugs/faulty_programs/FIND_IN_SORTED.java:104 | gin.edit.statement.ReplaceStatement quixbugs/faulty_programs/FIND_IN_SORTED.java:27 -> quixbugs/faulty_programs/FIND_IN_SORTED.java:104 | gin.edit.statement.SwapStatement quixbugs/faulty_programs/FIND_IN_SORTED.java:104 <-> quixbugs/faulty_programs/FIND_IN_SORTED.java:104 | gin.edit.statement.SwapStatement quixbugs/faulty_programs/FIND_IN_SORTED.java:103 <-> quixbugs/faulty_programs/FIND_IN_SORTED.java:103 |","true","false","1.663967","11.0","6.0"
"faulty_programs.FIND_IN_SORTED.faulty_programs.FIND_IN_SORTED.find_in_sorted(int[],int)","| gin.edit.statement.SwapStatement quixbugs/faulty_programs/FIND_IN_SORTED.java:104 <-> quixbugs/faulty_programs/FIND_IN_SORTED.java:104 | gin.edit.statement.ReplaceStatement quixbugs/faulty_programs/FIND_IN_SORTED.java:20 -> quixbugs/faulty_programs/FIND_IN_SORTED.java:104 | gin.edit.statement.ReplaceStatement quixbugs/faulty_programs/FIND_IN_SORTED.java:21 -> quixbugs/faulty_programs/FIND_IN_SORTED.java:104 | gin.edit.statement.SwapStatement quixbugs/faulty_programs/FIND_IN_SORTED.java:104 <-> quixbugs/faulty_programs/FIND_IN_SORTED.java:104 | gin.edit.statement.ReplaceStatement quixbugs/faulty_programs/FIND_IN_SORTED.java:27 -> quixbugs/faulty_programs/FIND_IN_SORTED.java:103 | gin.edit.modifynode.ReplaceExpression quixbugs/faulty_programs/FIND_IN_SORTED.java:52 -> quixbugs/faulty_programs/FIND_IN_SORTED.java:113 | gin.edit.statement.SwapStatement quixbugs/faulty_programs/FIND_IN_SORTED.java:104 <-> quixbugs/faulty_programs/FIND_IN_SORTED.java:104 | gin.edit.statement.ReplaceStatement quixbugs/faulty_programs/FIND_IN_SORTED.java:68 -> quixbugs/faulty_programs/FIND_IN_SORTED.java:104 |","true","false","1.48428","11.0","6.0"
"faulty_programs.FIND_IN_SORTED.faulty_programs.FIND_IN_SORTED.find_in_sorted(int[],int)","| gin.edit.statement.ReplaceStatement quixbugs/faulty_programs/FIND_IN_SORTED.java:28 -> quixbugs/faulty_programs/FIND_IN_SORTED.java:104 | gin.edit.statement.SwapStatement quixbugs/faulty_programs/FIND_IN_SORTED.java:104 <-> quixbugs/faulty_programs/FIND_IN_SORTED.java:104 | gin.edit.statement.SwapStatement quixbugs/faulty_programs/FIND_IN_SORTED.java:104 <-> quixbugs/faulty_programs/FIND_IN_SORTED.java:104 | gin.edit.statement.ReplaceStatement quixbugs/faulty_programs/FIND_IN_SORTED.java:27 -> quixbugs/faulty_programs/FIND_IN_SORTED.java:103 | gin.edit.statement.SwapStatement quixbugs/faulty_programs/FIND_IN_SORTED.java:104 <-> quixbugs/faulty_programs/FIND_IN_SORTED.java:104 | gin.edit.statement.DeleteStatement quixbugs/faulty_programs/FIND_IN_SORTED.java:103 |","true","false","1.7167","11.0","6.0"
"faulty_programs.FIND_IN_SORTED.faulty_programs.FIND_IN_SORTED.find_in_sorted(int[],int)","| gin.edit.statement.ReplaceStatement quixbugs/faulty_programs/FIND_IN_SORTED.java:21 -> quixbugs/faulty_programs/FIND_IN_SORTED.java:104 | gin.edit.modifynode.ReplaceExpression quixbugs/faulty_programs/FIND_IN_SORTED.java:52 -> quixbugs/faulty_programs/FIND_IN_SORTED.java:113 | gin.edit.statement.SwapStatement quixbugs/faulty_programs/FIND_IN_SORTED.java:104 <-> quixbugs/faulty_programs/FIND_IN_SORTED.java:104 | gin.edit.statement.ReplaceStatement quixbugs/faulty_programs/FIND_IN_SORTED.java:27 -> quixbugs/faulty_programs/FIND_IN_SORTED.java:104 | gin.edit.statement.CopyStatement quixbugs/faulty_programs/FIND_IN_SORTED.java:31 -> quixbugs/faulty_programs/FIND_IN_SORTED.java:103:103 |","false","false","0.0","0.0","-5.0"
"faulty_programs.FIND_IN_SORTED.faulty_programs.FIND_IN_SORTED.find_in_sorted(int[],int)","| gin.edit.statement.ReplaceStatement quixbugs/faulty_programs/FIND_IN_SORTED.java:28 -> quixbugs/faulty_programs/FIND_IN_SORTED.java:104 | gin.edit.statement.ReplaceStatement quixbugs/faulty_programs/FIND_IN_SORTED.java:28 -> quixbugs/faulty_programs/FIND_IN_SORTED.java:104 | gin.edit.statement.SwapStatement quixbugs/faulty_programs/FIND_IN_SORTED.java:104 <-> quixbugs/faulty_programs/FIND_IN_SORTED.java:103 | gin.edit.modifynode.ReplaceExpression quixbugs/faulty_programs/FIND_IN_SORTED.java:36 -> quixbugs/faulty_programs/FIND_IN_SORTED.java:105 | gin.edit.modifynode.SwapExpression quixbugs/faulty_programs/FIND_IN_SORTED.java:111 <-> quixbugs/faulty_programs/FIND_IN_SORTED.java:105 |","true","false","1.483562","11.0","6.0"
"faulty_programs.FIND_IN_SORTED.faulty_programs.FIND_IN_SORTED.find_in_sorted(int[],int)","| gin.edit.modifynode.SwapExpression quixbugs/faulty_programs/FIND_IN_SORTED.java:105 <-> quixbugs/faulty_programs/FIND_IN_SORTED.java:113 | gin.edit.modifynode.ReplaceExpression quixbugs/faulty_programs/FIND_IN_SORTED.java:87 -> quixbugs/faulty_programs/FIND_IN_SORTED.java:111 | gin.edit.statement.DeleteStatement quixbugs/faulty_programs/FIND_IN_SORTED.java:104 | gin.edit.statement.SwapStatement quixbugs/faulty_programs/FIND_IN_SORTED.java:104 <-> quixbugs/faulty_programs/FIND_IN_SORTED.java:104 | gin.edit.statement.SwapStatement quixbugs/faulty_programs/FIND_IN_SORTED.java:104 <-> quixbugs/faulty_programs/FIND_IN_SORTED.java:104 | gin.edit.statement.ReplaceStatement quixbugs/faulty_programs/FIND_IN_SORTED.java:27 -> quixbugs/faulty_programs/FIND_IN_SORTED.java:103 | gin.edit.modifynode.ReplaceExpression quixbugs/faulty_programs/FIND_IN_SORTED.java:52 -> quixbugs/faulty_programs/FIND_IN_SORTED.java:113 | gin.edit.statement.ReplaceStatement quixbugs/faulty_programs/FIND_IN_SORTED.java:103 -> quixbugs/faulty_programs/FIND_IN_SORTED.java:104 |","true","false","1.771518","11.0","6.0"
"faulty_programs.FIND_IN_SORTED.faulty_programs.FIND_IN_SORTED.find_in_sorted(int[],int)","| gin.edit.statement.ReplaceStatement quixbugs/faulty_programs/FIND_IN_SORTED.java:28 -> quixbugs/faulty_programs/FIND_IN_SORTED.java:104 | gin.edit.statement.ReplaceStatement quixbugs/faulty_programs/FIND_IN_SORTED.java:28 -> quixbugs/faulty_programs/FIND_IN_SORTED.java:104 | gin.edit.statement.SwapStatement quixbugs/faulty_programs/FIND_IN_SORTED.java:104 <-> quixbugs/faulty_programs/FIND_IN_SORTED.java:103 | gin.edit.modifynode.ReplaceExpression quixbugs/faulty_programs/FIND_IN_SORTED.java:87 -> quixbugs/faulty_programs/FIND_IN_SORTED.java:111 | gin.edit.statement.SwapStatement quixbugs/faulty_programs/FIND_IN_SORTED.java:104 <-> quixbugs/faulty_programs/FIND_IN_SORTED.java:104 | gin.edit.modifynode.ReplaceExpression quixbugs/faulty_programs/FIND_IN_SORTED.java:52 -> quixbugs/faulty_programs/FIND_IN_SORTED.java:113 | gin.edit.statement.DeleteStatement quixbugs/faulty_programs/FIND_IN_SORTED.java:104 |","true","false","1.640737","11.0","6.0"
"faulty_programs.FIND_IN_SORTED.faulty_programs.FIND_IN_SORTED.find_in_sorted(int[],int)","| gin.edit.statement.SwapStatement quixbugs/faulty_programs/FIND_IN_SORTED.java:104 <-> quixbugs/faulty_programs/FIND_IN_SORTED.java:104 | gin.edit.statement.SwapStatement quixbugs/faulty_programs/FIND_IN_SORTED.java:104 <-> quixbugs/faulty_programs/FIND_IN_SORTED.java:104 | gin.edit.statement.ReplaceStatement quixbugs/faulty_programs/FIND_IN_SORTED.java:103 -> quixbugs/faulty_programs/FIND_IN_SORTED.java:104 | gin.edit.statement.ReplaceStatement quixbugs/faulty_programs/FIND_IN_SORTED.java:28 -> quixbugs/faulty_programs/FIND_IN_SORTED.java:104 | gin.edit.modifynode.SwapExpression quixbugs/faulty_programs/FIND_IN_SORTED.java:107 <-> quixbugs/faulty_programs/FIND_IN_SORTED.java:112 |","true","false","17.240925","5.0","0.0"
"faulty_programs.FIND_IN_SORTED.faulty_programs.FIND_IN_SORTED.find_in_sorted(int[],int)","| gin.edit.statement.SwapStatement quixbugs/faulty_programs/FIND_IN_SORTED.java:104 <-> quixbugs/faulty_programs/FIND_IN_SORTED.java:104 | gin.edit.statement.ReplaceStatement quixbugs/faulty_programs/FIND_IN_SORTED.java:28 -> quixbugs/faulty_programs/FIND_IN_SORTED.java:104 | gin.edit.statement.DeleteStatement quixbugs/faulty_programs/FIND_IN_SORTED.java:104 | gin.edit.statement.SwapStatement quixbugs/faulty_programs/FIND_IN_SORTED.java:103 <-> quixbugs/faulty_programs/FIND_IN_SORTED.java:103 | gin.edit.statement.ReplaceStatement quixbugs/faulty_programs/FIND_IN_SORTED.java:57 -> quixbugs/faulty_programs/FIND_IN_SORTED.java:104 |","true","false","1.672231","11.0","6.0"
"faulty_programs.FIND_IN_SORTED.faulty_programs.FIND_IN_SORTED.find_in_sorted(int[],int)","| gin.edit.statement.SwapStatement quixbugs/faulty_programs/FIND_IN_SORTED.java:104 <-> quixbugs/faulty_programs/FIND_IN_SORTED.java:104 | gin.edit.statement.ReplaceStatement quixbugs/faulty_programs/FIND_IN_SORTED.java:27 -> quixbugs/faulty_programs/FIND_IN_SORTED.java:103 | gin.edit.modifynode.ReplaceExpression quixbugs/faulty_programs/FIND_IN_SORTED.java:52 -> quixbugs/faulty_programs/FIND_IN_SORTED.java:113 | gin.edit.statement.ReplaceStatement quixbugs/faulty_programs/FIND_IN_SORTED.java:28 -> quixbugs/faulty_programs/FIND_IN_SORTED.java:104 | gin.edit.statement.SwapStatement quixbugs/faulty_programs/FIND_IN_SORTED.java:104 <-> quixbugs/faulty_programs/FIND_IN_SORTED.java:104 | gin.edit.modifynode.SwapExpression quixbugs/faulty_programs/FIND_IN_SORTED.java:111 <-> quixbugs/faulty_programs/FIND_IN_SORTED.java:111 |","true","false","1.698493","11.0","6.0"
"faulty_programs.FIND_IN_SORTED.faulty_programs.FIND_IN_SORTED.find_in_sorted(int[],int)","| gin.edit.statement.DeleteStatement quixbugs/faulty_programs/FIND_IN_SORTED.java:104 | gin.edit.statement.ReplaceStatement quixbugs/faulty_programs/FIND_IN_SORTED.java:27 -> quixbugs/faulty_programs/FIND_IN_SORTED.java:103 | gin.edit.modifynode.ReplaceExpression quixbugs/faulty_programs/FIND_IN_SORTED.java:52 -> quixbugs/faulty_programs/FIND_IN_SORTED.java:113 | gin.edit.statement.ReplaceStatement quixbugs/faulty_programs/FIND_IN_SORTED.java:56 -> quixbugs/faulty_programs/FIND_IN_SORTED.java:104 |","true","false","1.629585","11.0","6.0"
"faulty_programs.FIND_IN_SORTED.faulty_programs.FIND_IN_SORTED.find_in_sorted(int[],int)","| gin.edit.statement.SwapStatement quixbugs/faulty_programs/FIND_IN_SORTED.java:104 <-> quixbugs/faulty_programs/FIND_IN_SORTED.java:104 | gin.edit.statement.ReplaceStatement quixbugs/faulty_programs/FIND_IN_SORTED.java:27 -> quixbugs/faulty_programs/FIND_IN_SORTED.java:103 | gin.edit.modifynode.ReplaceExpression quixbugs/faulty_programs/FIND_IN_SORTED.java:52 -> quixbugs/faulty_programs/FIND_IN_SORTED.java:113 | gin.edit.statement.ReplaceStatement quixbugs/faulty_programs/FIND_IN_SORTED.java:28 -> quixbugs/faulty_programs/FIND_IN_SORTED.java:104 | gin.edit.statement.SwapStatement quixbugs/faulty_programs/FIND_IN_SORTED.java:104 <-> quixbugs/faulty_programs/FIND_IN_SORTED.java:104 | gin.edit.modifynode.SwapExpression quixbugs/faulty_programs/FIND_IN_SORTED.java:111 <-> quixbugs/faulty_programs/FIND_IN_SORTED.java:111 | gin.edit.statement.SwapStatement quixbugs/faulty_programs/FIND_IN_SORTED.java:104 <-> quixbugs/faulty_programs/FIND_IN_SORTED.java:104 | gin.edit.statement.DeleteStatement quixbugs/faulty_programs/FIND_IN_SORTED.java:104 | gin.edit.statement.SwapStatement quixbugs/faulty_programs/FIND_IN_SORTED.java:103 <-> quixbugs/faulty_programs/FIND_IN_SORTED.java:103 | gin.edit.modifynode.ReplaceExpression quixbugs/faulty_programs/FIND_IN_SORTED.java:40 -> quixbugs/faulty_programs/FIND_IN_SORTED.java:109 |","true","false","1.290116","11.0","6.0"
"faulty_programs.FIND_IN_SORTED.faulty_programs.FIND_IN_SORTED.find_in_sorted(int[],int)","| gin.edit.statement.SwapStatement quixbugs/faulty_programs/FIND_IN_SORTED.java:104 <-> quixbugs/faulty_programs/FIND_IN_SORTED.java:104 | gin.edit.statement.ReplaceStatement quixbugs/faulty_programs/FIND_IN_SORTED.java:28 -> quixbugs/faulty_programs/FIND_IN_SORTED.java:104 | gin.edit.statement.SwapStatement quixbugs/faulty_programs/FIND_IN_SORTED.java:104 <-> quixbugs/faulty_programs/FIND_IN_SORTED.java:104 | gin.edit.statement.ReplaceStatement quixbugs/faulty_programs/FIND_IN_SORTED.java:104 -> quixbugs/faulty_programs/FIND_IN_SORTED.java:104 | gin.edit.statement.DeleteStatement quixbugs/faulty_programs/FIND_IN_SORTED.java:104 |","true","false","1.612265","11.0","6.0"
"faulty_programs.FIND_IN_SORTED.faulty_programs.FIND_IN_SORTED.find_in_sorted(int[],int)","| gin.edit.statement.ReplaceStatement quixbugs/faulty_programs/FIND_IN_SORTED.java:28 -> quixbugs/faulty_programs/FIND_IN_SORTED.java:104 | gin.edit.statement.SwapStatement quixbugs/faulty_programs/FIND_IN_SORTED.java:104 <-> quixbugs/faulty_programs/FIND_IN_SORTED.java:104 | gin.edit.statement.ReplaceStatement quixbugs/faulty_programs/FIND_IN_SORTED.java:27 -> quixbugs/faulty_programs/FIND_IN_SORTED.java:104 |","true","false","1.408441","11.0","6.0"
"faulty_programs.FIND_IN_SORTED.faulty_programs.FIND_IN_SORTED.find_in_sorted(int[],int)","| gin.edit.statement.ReplaceStatement quixbugs/faulty_programs/FIND_IN_SORTED.java:28 -> quixbugs/faulty_programs/FIND_IN_SORTED.java:104 | gin.edit.statement.SwapStatement quixbugs/faulty_programs/FIND_IN_SORTED.java:104 <-> quixbugs/faulty_programs/FIND_IN_SORTED.java:104 | gin.edit.statement.ReplaceStatement quixbugs/faulty_programs/FIND_IN_SORTED.java:104 -> quixbugs/faulty_programs/FIND_IN_SORTED.java:104 | gin.edit.statement.ReplaceStatement quixbugs/faulty_programs/FIND_IN_SORTED.java:28 -> quixbugs/faulty_programs/FIND_IN_SORTED.java:104 | gin.edit.statement.SwapStatement quixbugs/faulty_programs/FIND_IN_SORTED.java:104 <-> quixbugs/faulty_programs/FIND_IN_SORTED.java:104 | gin.edit.statement.ReplaceStatement quixbugs/faulty_programs/FIND_IN_SORTED.java:27 -> quixbugs/faulty_programs/FIND_IN_SORTED.java:104 | gin.edit.statement.ReplaceStatement quixbugs/faulty_programs/FIND_IN_SORTED.java:103 -> quixbugs/faulty_programs/FIND_IN_SORTED.java:104 |","true","false","1.63974","11.0","6.0"
"faulty_programs.FIND_IN_SORTED.faulty_programs.FIND_IN_SORTED.find_in_sorted(int[],int)","| gin.edit.statement.SwapStatement quixbugs/faulty_programs/FIND_IN_SORTED.java:104 <-> quixbugs/faulty_programs/FIND_IN_SORTED.java:104 | gin.edit.statement.SwapStatement quixbugs/faulty_programs/FIND_IN_SORTED.java:104 <-> quixbugs/faulty_programs/FIND_IN_SORTED.java:104 | gin.edit.statement.ReplaceStatement quixbugs/faulty_programs/FIND_IN_SORTED.java:28 -> quixbugs/faulty_programs/FIND_IN_SORTED.java:104 | gin.edit.statement.CopyStatement quixbugs/faulty_programs/FIND_IN_SORTED.java:89 -> quixbugs/faulty_programs/FIND_IN_SORTED.java:103:104 |","true","false","1.598237","11.0","6.0"
"faulty_programs.FIND_IN_SORTED.faulty_programs.FIND_IN_SORTED.find_in_sorted(int[],int)","| gin.edit.statement.SwapStatement quixbugs/faulty_programs/FIND_IN_SORTED.java:104 <-> quixbugs/faulty_programs/FIND_IN_SORTED.java:104 | gin.edit.statement.ReplaceStatement quixbugs/faulty_programs/FIND_IN_SORTED.java:20 -> quixbugs/faulty_programs/FIND_IN_SORTED.java:104 | gin.edit.statement.ReplaceStatement quixbugs/faulty_programs/FIND_IN_SORTED.java:21 -> quixbugs/faulty_programs/FIND_IN_SORTED.java:104 | gin.edit.statement.SwapStatement quixbugs/faulty_programs/FIND_IN_SORTED.java:104 <-> quixbugs/faulty_programs/FIND_IN_SORTED.java:104 | gin.edit.statement.ReplaceStatement quixbugs/faulty_programs/FIND_IN_SORTED.java:27 -> quixbugs/faulty_programs/FIND_IN_SORTED.java:103 | gin.edit.modifynode.ReplaceExpression quixbugs/faulty_programs/FIND_IN_SORTED.java:52 -> quixbugs/faulty_programs/FIND_IN_SORTED.java:113 | gin.edit.statement.SwapStatement quixbugs/faulty_programs/FIND_IN_SORTED.java:104 <-> quixbugs/faulty_programs/FIND_IN_SORTED.java:104 | gin.edit.modifynode.SwapExpression quixbugs/faulty_programs/FIND_IN_SORTED.java:107 <-> quixbugs/faulty_programs/FIND_IN_SORTED.java:105 |","true","false","1.79054","11.0","6.0"
"faulty_programs.FIND_IN_SORTED.faulty_programs.FIND_IN_SORTED.find_in_sorted(int[],int)","| gin.edit.statement.ReplaceStatement quixbugs/faulty_programs/FIND_IN_SORTED.java:28 -> quixbugs/faulty_programs/FIND_IN_SORTED.java:104 | gin.edit.statement.DeleteStatement quixbugs/faulty_programs/FIND_IN_SORTED.java:104 | gin.edit.modifynode.ReplaceExpression quixbugs/faulty_programs/FIND_IN_SORTED.java:81 -> quixbugs/faulty_programs/FIND_IN_SORTED.java:111 | gin.edit.statement.ReplaceStatement quixbugs/faulty_programs/FIND_IN_SORTED.java:47 -> quixbugs/faulty_programs/FIND_IN_SORTED.java:104 | gin.edit.statement.CopyStatement quixbugs/faulty_programs/FIND_IN_SORTED.java:68 -> quixbugs/faulty_programs/FIND_IN_SORTED.java:103:104 |","true","false","1.513229","11.0","6.0"
"faulty_programs.FIND_IN_SORTED.faulty_programs.FIND_IN_SORTED.find_in_sorted(int[],int)","| gin.edit.statement.ReplaceStatement quixbugs/faulty_programs/FIND_IN_SORTED.java:21 -> quixbugs/faulty_programs/FIND_IN_SORTED.java:104 | gin.edit.statement.DeleteStatement quixbugs/faulty_programs/FIND_IN_SORTED.java:104 | gin.edit.modifynode.ReplaceExpression quixbugs/faulty_programs/FIND_IN_SORTED.java:81 -> quixbugs/faulty_programs/FIND_IN_SORTED.java:111 | gin.edit.modifynode.ReplaceExpression quixbugs/faulty_programs/FIND_IN_SORTED.java:111 -> quixbugs/faulty_programs/FIND_IN_SORTED.java:111 |","false","false","0.0","0.0","-5.0"
"faulty_programs.FIND_IN_SORTED.faulty_programs.FIND_IN_SORTED.find_in_sorted(int[],int)","| gin.edit.statement.ReplaceStatement quixbugs/faulty_programs/FIND_IN_SORTED.java:28 -> quixbugs/faulty_programs/FIND_IN_SORTED.java:104 | gin.edit.statement.SwapStatement quixbugs/faulty_programs/FIND_IN_SORTED.java:104 <-> quixbugs/faulty_programs/FIND_IN_SORTED.java:104 | gin.edit.statement.ReplaceStatement quixbugs/faulty_programs/FIND_IN_SORTED.java:21 -> quixbugs/faulty_programs/FIND_IN_SORTED.java:104 | gin.edit.statement.SwapStatement quixbugs/faulty_programs/FIND_IN_SORTED.java:104 <-> quixbugs/faulty_programs/FIND_IN_SORTED.java:104 | gin.edit.statement.ReplaceStatement quixbugs/faulty_programs/FIND_IN_SORTED.java:27 -> quixbugs/faulty_programs/FIND_IN_SORTED.java:103 | gin.edit.modifynode.SwapExpression quixbugs/faulty_programs/FIND_IN_SORTED.java:113 <-> quixbugs/faulty_programs/FIND_IN_SORTED.java:111 |","true","false","1.60727","11.0","6.0"
"faulty_programs.FIND_IN_SORTED.faulty_programs.FIND_IN_SORTED.find_in_sorted(int[],int)","| gin.edit.statement.SwapStatement quixbugs/faulty_programs/FIND_IN_SORTED.java:104 <-> quixbugs/faulty_programs/FIND_IN_SORTED.java:104 | gin.edit.statement.ReplaceStatement quixbugs/faulty_programs/FIND_IN_SORTED.java:20 -> quixbugs/faulty_programs/FIND_IN_SORTED.java:104 | gin.edit.statement.ReplaceStatement quixbugs/faulty_programs/FIND_IN_SORTED.java:21 -> quixbugs/faulty_programs/FIND_IN_SORTED.java:104 | gin.edit.statement.SwapStatement quixbugs/faulty_programs/FIND_IN_SORTED.java:104 <-> quixbugs/faulty_programs/FIND_IN_SORTED.java:104 | gin.edit.statement.ReplaceStatement quixbugs/faulty_programs/FIND_IN_SORTED.java:27 -> quixbugs/faulty_programs/FIND_IN_SORTED.java:103 | gin.edit.modifynode.ReplaceExpression quixbugs/faulty_programs/FIND_IN_SORTED.java:52 -> quixbugs/faulty_programs/FIND_IN_SORTED.java:113 | gin.edit.statement.SwapStatement quixbugs/faulty_programs/FIND_IN_SORTED.java:104 <-> quixbugs/faulty_programs/FIND_IN_SORTED.java:104 | gin.edit.statement.DeleteStatement quixbugs/faulty_programs/FIND_IN_SORTED.java:103 |","true","false","1.677995","11.0","6.0"
"faulty_programs.FIND_IN_SORTED.faulty_programs.FIND_IN_SORTED.find_in_sorted(int[],int)","| gin.edit.modifynode.SwapExpression quixbugs/faulty_programs/FIND_IN_SORTED.java:105 <-> quixbugs/faulty_programs/FIND_IN_SORTED.java:113 | gin.edit.modifynode.ReplaceExpression quixbugs/faulty_programs/FIND_IN_SORTED.java:87 -> quixbugs/faulty_programs/FIND_IN_SORTED.java:111 | gin.edit.statement.DeleteStatement quixbugs/faulty_programs/FIND_IN_SORTED.java:104 | gin.edit.statement.SwapStatement quixbugs/faulty_programs/FIND_IN_SORTED.java:104 <-> quixbugs/faulty_programs/FIND_IN_SORTED.java:104 | gin.edit.statement.SwapStatement quixbugs/faulty_programs/FIND_IN_SORTED.java:104 <-> quixbugs/faulty_programs/FIND_IN_SORTED.java:104 | gin.edit.statement.ReplaceStatement quixbugs/faulty_programs/FIND_IN_SORTED.java:27 -> quixbugs/faulty_programs/FIND_IN_SORTED.java:103 | gin.edit.modifynode.ReplaceExpression quixbugs/faulty_programs/FIND_IN_SORTED.java:52 -> quixbugs/faulty_programs/FIND_IN_SORTED.java:113 | gin.edit.statement.ReplaceStatement quixbugs/faulty_programs/FIND_IN_SORTED.java:103 -> quixbugs/faulty_programs/FIND_IN_SORTED.java:104 |","true","false","1.567146","11.0","6.0"
"faulty_programs.FIND_IN_SORTED.faulty_programs.FIND_IN_SORTED.find_in_sorted(int[],int)","| gin.edit.statement.SwapStatement quixbugs/faulty_programs/FIND_IN_SORTED.java:104 <-> quixbugs/faulty_programs/FIND_IN_SORTED.java:104 | gin.edit.statement.ReplaceStatement quixbugs/faulty_programs/FIND_IN_SORTED.java:21 -> quixbugs/faulty_programs/FIND_IN_SORTED.java:104 | gin.edit.statement.SwapStatement quixbugs/faulty_programs/FIND_IN_SORTED.java:104 <-> quixbugs/faulty_programs/FIND_IN_SORTED.java:104 | gin.edit.statement.ReplaceStatement quixbugs/faulty_programs/FIND_IN_SORTED.java:27 -> quixbugs/faulty_programs/FIND_IN_SORTED.java:103 | gin.edit.modifynode.ReplaceExpression quixbugs/faulty_programs/FIND_IN_SORTED.java:52 -> quixbugs/faulty_programs/FIND_IN_SORTED.java:113 | gin.edit.modifynode.ReplaceExpression quixbugs/faulty_programs/FIND_IN_SORTED.java:87 -> quixbugs/faulty_programs/FIND_IN_SORTED.java:111 | gin.edit.statement.DeleteStatement quixbugs/faulty_programs/FIND_IN_SORTED.java:104 | gin.edit.statement.SwapStatement quixbugs/faulty_programs/FIND_IN_SORTED.java:104 <-> quixbugs/faulty_programs/FIND_IN_SORTED.java:104 | gin.edit.modifynode.ReplaceExpression quixbugs/faulty_programs/FIND_IN_SORTED.java:52 -> quixbugs/faulty_programs/FIND_IN_SORTED.java:113 |","true","false","1.608803","11.0","6.0"
"faulty_programs.FIND_IN_SORTED.faulty_programs.FIND_IN_SORTED.find_in_sorted(int[],int)","| gin.edit.modifynode.SwapExpression quixbugs/faulty_programs/FIND_IN_SORTED.java:105 <-> quixbugs/faulty_programs/FIND_IN_SORTED.java:113 | gin.edit.statement.ReplaceStatement quixbugs/faulty_programs/FIND_IN_SORTED.java:27 -> quixbugs/faulty_programs/FIND_IN_SORTED.java:103 | gin.edit.modifynode.ReplaceExpression quixbugs/faulty_programs/FIND_IN_SORTED.java:52 -> quixbugs/faulty_programs/FIND_IN_SORTED.java:113 | gin.edit.statement.ReplaceStatement quixbugs/faulty_programs/FIND_IN_SORTED.java:103 -> quixbugs/faulty_programs/FIND_IN_SORTED.java:104 | gin.edit.statement.ReplaceStatement quixbugs/faulty_programs/FIND_IN_SORTED.java:20 -> quixbugs/faulty_programs/FIND_IN_SORTED.java:104 | gin.edit.statement.ReplaceStatement quixbugs/faulty_programs/FIND_IN_SORTED.java:21 -> quixbugs/faulty_programs/FIND_IN_SORTED.java:104 | gin.edit.statement.ReplaceStatement quixbugs/faulty_programs/FIND_IN_SORTED.java:27 -> quixbugs/faulty_programs/FIND_IN_SORTED.java:103 | gin.edit.statement.SwapStatement quixbugs/faulty_programs/FIND_IN_SORTED.java:104 <-> quixbugs/faulty_programs/FIND_IN_SORTED.java:104 |","true","false","1.660553","11.0","6.0"
"faulty_programs.FIND_IN_SORTED.faulty_programs.FIND_IN_SORTED.find_in_sorted(int[],int)","| gin.edit.statement.SwapStatement quixbugs/faulty_programs/FIND_IN_SORTED.java:104 <-> quixbugs/faulty_programs/FIND_IN_SORTED.java:104 | gin.edit.statement.ReplaceStatement quixbugs/faulty_programs/FIND_IN_SORTED.java:28 -> quixbugs/faulty_programs/FIND_IN_SORTED.java:104 | gin.edit.statement.SwapStatement quixbugs/faulty_programs/FIND_IN_SORTED.java:104 <-> quixbugs/faulty_programs/FIND_IN_SORTED.java:104 | gin.edit.statement.ReplaceStatement quixbugs/faulty_programs/FIND_IN_SORTED.java:27 -> quixbugs/faulty_programs/FIND_IN_SORTED.java:103 | gin.edit.modifynode.ReplaceExpression quixbugs/faulty_programs/FIND_IN_SORTED.java:52 -> quixbugs/faulty_programs/FIND_IN_SORTED.java:113 | gin.edit.statement.ReplaceStatement quixbugs/faulty_programs/FIND_IN_SORTED.java:28 -> quixbugs/faulty_programs/FIND_IN_SORTED.java:103 | gin.edit.modifynode.ReplaceExpression quixbugs/faulty_programs/FIND_IN_SORTED.java:29 -> quixbugs/faulty_programs/FIND_IN_SORTED.java:105 | gin.edit.statement.DeleteStatement quixbugs/faulty_programs/FIND_IN_SORTED.java:103 | gin.edit.statement.ReplaceStatement quixbugs/faulty_programs/FIND_IN_SORTED.java:89 -> quixbugs/faulty_programs/FIND_IN_SORTED.java:103 |","true","false","1.53576","11.0","6.0"
"faulty_programs.FIND_IN_SORTED.faulty_programs.FIND_IN_SORTED.find_in_sorted(int[],int)","| gin.edit.modifynode.SwapExpression quixbugs/faulty_programs/FIND_IN_SORTED.java:105 <-> quixbugs/faulty_programs/FIND_IN_SORTED.java:113 | gin.edit.modifynode.ReplaceExpression quixbugs/faulty_programs/FIND_IN_SORTED.java:87 -> quixbugs/faulty_programs/FIND_IN_SORTED.java:111 | gin.edit.statement.DeleteStatement quixbugs/faulty_programs/FIND_IN_SORTED.java:104 | gin.edit.statement.SwapStatement quixbugs/faulty_programs/FIND_IN_SORTED.java:104 <-> quixbugs/faulty_programs/FIND_IN_SORTED.java:104 | gin.edit.statement.SwapStatement quixbugs/faulty_programs/FIND_IN_SORTED.java:104 <-> quixbugs/faulty_programs/FIND_IN_SORTED.java:104 | gin.edit.statement.ReplaceStatement quixbugs/faulty_programs/FIND_IN_SORTED.java:27 -> quixbugs/faulty_programs/FIND_IN_SORTED.java:103 | gin.edit.modifynode.ReplaceExpression quixbugs/faulty_programs/FIND_IN_SORTED.java:52 -> quixbugs/faulty_programs/FIND_IN_SORTED.java:113 | gin.edit.statement.ReplaceStatement quixbugs/faulty_programs/FIND_IN_SORTED.java:103 -> quixbugs/faulty_programs/FIND_IN_SORTED.java:104 | gin.edit.statement.SwapStatement quixbugs/faulty_programs/FIND_IN_SORTED.java:103 <-> quixbugs/faulty_programs/FIND_IN_SORTED.java:104 |","true","false","1.527212","11.0","6.0"
"faulty_programs.FIND_IN_SORTED.faulty_programs.FIND_IN_SORTED.find_in_sorted(int[],int)","| gin.edit.statement.SwapStatement quixbugs/faulty_programs/FIND_IN_SORTED.java:104 <-> quixbugs/faulty_programs/FIND_IN_SORTED.java:104 | gin.edit.statement.ReplaceStatement quixbugs/faulty_programs/FIND_IN_SORTED.java:28 -> quixbugs/faulty_programs/FIND_IN_SORTED.java:104 | gin.edit.statement.SwapStatement quixbugs/faulty_programs/FIND_IN_SORTED.java:104 <-> quixbugs/faulty_programs/FIND_IN_SORTED.java:104 | gin.edit.statement.ReplaceStatement quixbugs/faulty_programs/FIND_IN_SORTED.java:28 -> quixbugs/faulty_programs/FIND_IN_SORTED.java:103 | gin.edit.modifynode.ReplaceExpression quixbugs/faulty_programs/FIND_IN_SORTED.java:29 -> quixbugs/faulty_programs/FIND_IN_SORTED.java:105 | gin.edit.statement.DeleteStatement quixbugs/faulty_programs/FIND_IN_SORTED.java:103 | gin.edit.modifynode.SwapExpression quixbugs/faulty_programs/FIND_IN_SORTED.java:105 <-> quixbugs/faulty_programs/FIND_IN_SORTED.java:113 | gin.edit.modifynode.ReplaceExpression quixbugs/faulty_programs/FIND_IN_SORTED.java:87 -> quixbugs/faulty_programs/FIND_IN_SORTED.java:111 | gin.edit.statement.SwapStatement quixbugs/faulty_programs/FIND_IN_SORTED.java:104 <-> quixbugs/faulty_programs/FIND_IN_SORTED.java:104 | gin.edit.statement.SwapStatement quixbugs/faulty_programs/FIND_IN_SORTED.java:104 <-> quixbugs/faulty_programs/FIND_IN_SORTED.java:104 | gin.edit.modifynode.SwapExpression quixbugs/faulty_programs/FIND_IN_SORTED.java:107 <-> quixbugs/faulty_programs/FIND_IN_SORTED.java:109 |","false","false","0.0","0.0","-5.0"
"faulty_programs.FIND_IN_SORTED.faulty_programs.FIND_IN_SORTED.find_in_sorted(int[],int)","| gin.edit.modifynode.SwapExpression quixbugs/faulty_programs/FIND_IN_SORTED.java:105 <-> quixbugs/faulty_programs/FIND_IN_SORTED.java:113 | gin.edit.statement.DeleteStatement quixbugs/faulty_programs/FIND_IN_SORTED.java:104 | gin.edit.statement.ReplaceStatement quixbugs/faulty_programs/FIND_IN_SORTED.java:27 -> quixbugs/faulty_programs/FIND_IN_SORTED.java:103 | gin.edit.statement.ReplaceStatement quixbugs/faulty_programs/FIND_IN_SORTED.java:103 -> quixbugs/faulty_programs/FIND_IN_SORTED.java:104 | gin.edit.statement.ReplaceStatement quixbugs/faulty_programs/FIND_IN_SORTED.java:28 -> quixbugs/faulty_programs/FIND_IN_SORTED.java:104 | gin.edit.statement.SwapStatement quixbugs/faulty_programs/FIND_IN_SORTED.java:104 <-> quixbugs/faulty_programs/FIND_IN_SORTED.java:104 | gin.edit.modifynode.ReplaceExpression quixbugs/faulty_programs/FIND_IN_SORTED.java:52 -> quixbugs/faulty_programs/FIND_IN_SORTED.java:113 | gin.edit.statement.ReplaceStatement quixbugs/faulty_programs/FIND_IN_SORTED.java:28 -> quixbugs/faulty_programs/FIND_IN_SORTED.java:103 | gin.edit.modifynode.ReplaceExpression quixbugs/faulty_programs/FIND_IN_SORTED.java:29 -> quixbugs/faulty_programs/FIND_IN_SORTED.java:105 | gin.edit.modifynode.SwapExpression quixbugs/faulty_programs/FIND_IN_SORTED.java:111 <-> quixbugs/faulty_programs/FIND_IN_SORTED.java:111 |","true","false","1.729002","11.0","6.0"
"faulty_programs.FIND_IN_SORTED.faulty_programs.FIND_IN_SORTED.find_in_sorted(int[],int)","| gin.edit.modifynode.SwapExpression quixbugs/faulty_programs/FIND_IN_SORTED.java:105 <-> quixbugs/faulty_programs/FIND_IN_SORTED.java:113 | gin.edit.modifynode.ReplaceExpression quixbugs/faulty_programs/FIND_IN_SORTED.java:87 -> quixbugs/faulty_programs/FIND_IN_SORTED.java:111 | gin.edit.statement.DeleteStatement quixbugs/faulty_programs/FIND_IN_SORTED.java:104 | gin.edit.statement.SwapStatement quixbugs/faulty_programs/FIND_IN_SORTED.java:104 <-> quixbugs/faulty_programs/FIND_IN_SORTED.java:104 | gin.edit.statement.SwapStatement quixbugs/faulty_programs/FIND_IN_SORTED.java:104 <-> quixbugs/faulty_programs/FIND_IN_SORTED.java:104 | gin.edit.statement.ReplaceStatement quixbugs/faulty_programs/FIND_IN_SORTED.java:27 -> quixbugs/faulty_programs/FIND_IN_SORTED.java:103 | gin.edit.modifynode.ReplaceExpression quixbugs/faulty_programs/FIND_IN_SORTED.java:52 -> quixbugs/faulty_programs/FIND_IN_SORTED.java:113 | gin.edit.statement.ReplaceStatement quixbugs/faulty_programs/FIND_IN_SORTED.java:103 -> quixbugs/faulty_programs/FIND_IN_SORTED.java:104 | gin.edit.statement.SwapStatement quixbugs/faulty_programs/FIND_IN_SORTED.java:103 <-> quixbugs/faulty_programs/FIND_IN_SORTED.java:104 |","true","false","1.544019","11.0","6.0"
"faulty_programs.FIND_IN_SORTED.faulty_programs.FIND_IN_SORTED.find_in_sorted(int[],int)","| gin.edit.statement.ReplaceStatement quixbugs/faulty_programs/FIND_IN_SORTED.java:27 -> quixbugs/faulty_programs/FIND_IN_SORTED.java:103 | gin.edit.modifynode.ReplaceExpression quixbugs/faulty_programs/FIND_IN_SORTED.java:52 -> quixbugs/faulty_programs/FIND_IN_SORTED.java:113 | gin.edit.statement.ReplaceStatement quixbugs/faulty_programs/FIND_IN_SORTED.java:28 -> quixbugs/faulty_programs/FIND_IN_SORTED.java:103 | gin.edit.statement.ReplaceStatement quixbugs/faulty_programs/FIND_IN_SORTED.java:28 -> quixbugs/faulty_programs/FIND_IN_SORTED.java:104 | gin.edit.modifynode.ReplaceExpression quixbugs/faulty_programs/FIND_IN_SORTED.java:48 -> quixbugs/faulty_programs/FIND_IN_SORTED.java:107 | gin.edit.statement.ReplaceStatement quixbugs/faulty_programs/FIND_IN_SORTED.java:31 -> quixbugs/faulty_programs/FIND_IN_SORTED.java:103 |","true","false","1.583079","11.0","6.0"
"faulty_programs.FIND_IN_SORTED.faulty_programs.FIND_IN_SORTED.find_in_sorted(int[],int)","| gin.edit.modifynode.SwapExpression quixbugs/faulty_programs/FIND_IN_SORTED.java:105 <-> quixbugs/faulty_programs/FIND_IN_SORTED.java:113 | gin.edit.statement.ReplaceStatement quixbugs/faulty_programs/FIND_IN_SORTED.java:27 -> quixbugs/faulty_programs/FIND_IN_SORTED.java:103 | gin.edit.modifynode.ReplaceExpression quixbugs/faulty_programs/FIND_IN_SORTED.java:52 -> quixbugs/faulty_programs/FIND_IN_SORTED.java:113 | gin.edit.statement.ReplaceStatement quixbugs/faulty_programs/FIND_IN_SORTED.java:27 -> quixbugs/faulty_programs/FIND_IN_SORTED.java:103 | gin.edit.modifynode.ReplaceExpression quixbugs/faulty_programs/FIND_IN_SORTED.java:52 -> quixbugs/faulty_programs/FIND_IN_SORTED.java:113 | gin.edit.statement.ReplaceStatement quixbugs/faulty_programs/FIND_IN_SORTED.java:28 -> quixbugs/faulty_programs/FIND_IN_SORTED.java:103 | gin.edit.statement.ReplaceStatement quixbugs/faulty_programs/FIND_IN_SORTED.java:28 -> quixbugs/faulty_programs/FIND_IN_SORTED.java:104 |","true","false","1.542723","11.0","6.0"
"faulty_programs.FIND_IN_SORTED.faulty_programs.FIND_IN_SORTED.find_in_sorted(int[],int)","| gin.edit.modifynode.ReplaceExpression quixbugs/faulty_programs/FIND_IN_SORTED.java:52 -> quixbugs/faulty_programs/FIND_IN_SORTED.java:113 | gin.edit.modifynode.SwapExpression quixbugs/faulty_programs/FIND_IN_SORTED.java:105 <-> quixbugs/faulty_programs/FIND_IN_SORTED.java:113 | gin.edit.statement.SwapStatement quixbugs/faulty_programs/FIND_IN_SORTED.java:104 <-> quixbugs/faulty_programs/FIND_IN_SORTED.java:104 | gin.edit.modifynode.ReplaceExpression quixbugs/faulty_programs/FIND_IN_SORTED.java:52 -> quixbugs/faulty_programs/FIND_IN_SORTED.java:113 | gin.edit.statement.ReplaceStatement quixbugs/faulty_programs/FIND_IN_SORTED.java:56 -> quixbugs/faulty_programs/FIND_IN_SORTED.java:104 |","false","false","0.0","0.0","-5.0"
"faulty_programs.FIND_IN_SORTED.faulty_programs.FIND_IN_SORTED.find_in_sorted(int[],int)","| gin.edit.statement.SwapStatement quixbugs/faulty_programs/FIND_IN_SORTED.java:104 <-> quixbugs/faulty_programs/FIND_IN_SORTED.java:104 | gin.edit.statement.ReplaceStatement quixbugs/faulty_programs/FIND_IN_SORTED.java:27 -> quixbugs/faulty_programs/FIND_IN_SORTED.java:103 | gin.edit.statement.ReplaceStatement quixbugs/faulty_programs/FIND_IN_SORTED.java:28 -> quixbugs/faulty_programs/FIND_IN_SORTED.java:103 | gin.edit.modifynode.ReplaceExpression quixbugs/faulty_programs/FIND_IN_SORTED.java:29 -> quixbugs/faulty_programs/FIND_IN_SORTED.java:105 | gin.edit.modifynode.SwapExpression quixbugs/faulty_programs/FIND_IN_SORTED.java:112 <-> quixbugs/faulty_programs/FIND_IN_SORTED.java:109 | gin.edit.statement.SwapStatement quixbugs/faulty_programs/FIND_IN_SORTED.java:104 <-> quixbugs/faulty_programs/FIND_IN_SORTED.java:103 | gin.edit.modifynode.ReplaceExpression quixbugs/faulty_programs/FIND_IN_SORTED.java:32 -> quixbugs/faulty_programs/FIND_IN_SORTED.java:111 |","true","false","1.331031","11.0","6.0"
"faulty_programs.FIND_IN_SORTED.faulty_programs.FIND_IN_SORTED.find_in_sorted(int[],int)","| gin.edit.statement.ReplaceStatement quixbugs/faulty_programs/FIND_IN_SORTED.java:28 -> quixbugs/faulty_programs/FIND_IN_SORTED.java:104 | gin.edit.statement.ReplaceStatement quixbugs/faulty_programs/FIND_IN_SORTED.java:28 -> quixbugs/faulty_programs/FIND_IN_SORTED.java:104 | gin.edit.statement.SwapStatement quixbugs/faulty_programs/FIND_IN_SORTED.java:104 <-> quixbugs/faulty_programs/FIND_IN_SORTED.java:103 | gin.edit.modifynode.ReplaceExpression quixbugs/faulty_programs/FIND_IN_SORTED.java:36 -> quixbugs/faulty_programs/FIND_IN_SORTED.java:105 | gin.edit.modifynode.SwapExpression quixbugs/faulty_programs/FIND_IN_SORTED.java:111 <-> quixbugs/faulty_programs/FIND_IN_SORTED.java:105 |","true","false","1.891576","11.0","6.0"
"faulty_programs.FIND_IN_SORTED.faulty_programs.FIND_IN_SORTED.find_in_sorted(int[],int)","| gin.edit.modifynode.ReplaceExpression quixbugs/faulty_programs/FIND_IN_SORTED.java:29 -> quixbugs/faulty_programs/FIND_IN_SORTED.java:105 | gin.edit.modifynode.SwapExpression quixbugs/faulty_programs/FIND_IN_SORTED.java:112 <-> quixbugs/faulty_programs/FIND_IN_SORTED.java:109 | gin.edit.statement.SwapStatement quixbugs/faulty_programs/FIND_IN_SORTED.java:104 <-> quixbugs/faulty_programs/FIND_IN_SORTED.java:103 | gin.edit.modifynode.SwapExpression quixbugs/faulty_programs/FIND_IN_SORTED.java:111 <-> quixbugs/faulty_programs/FIND_IN_SORTED.java:105 | gin.edit.statement.DeleteStatement quixbugs/faulty_programs/FIND_IN_SORTED.java:104 |","false","false","0.0","0.0","-5.0"
"faulty_programs.FIND_IN_SORTED.faulty_programs.FIND_IN_SORTED.find_in_sorted(int[],int)","| gin.edit.statement.ReplaceStatement quixbugs/faulty_programs/FIND_IN_SORTED.java:28 -> quixbugs/faulty_programs/FIND_IN_SORTED.java:104 | gin.edit.modifynode.ReplaceExpression quixbugs/faulty_programs/FIND_IN_SORTED.java:36 -> quixbugs/faulty_programs/FIND_IN_SORTED.java:105 | gin.edit.statement.ReplaceStatement quixbugs/faulty_programs/FIND_IN_SORTED.java:27 -> quixbugs/faulty_programs/FIND_IN_SORTED.java:103 | gin.edit.modifynode.SwapExpression quixbugs/faulty_programs/FIND_IN_SORTED.java:112 <-> quixbugs/faulty_programs/FIND_IN_SORTED.java:109 |","true","false","1.661381","11.0","6.0"
"faulty_programs.FIND_IN_SORTED.faulty_programs.FIND_IN_SORTED.find_in_sorted(int[],int)","| gin.edit.statement.SwapStatement quixbugs/faulty_programs/FIND_IN_SORTED.java:104 <-> quixbugs/faulty_programs/FIND_IN_SORTED.java:104 | gin.edit.statement.SwapStatement quixbugs/faulty_programs/FIND_IN_SORTED.java:104 <-> quixbugs/faulty_programs/FIND_IN_SORTED.java:104 | gin.edit.statement.ReplaceStatement quixbugs/faulty_programs/FIND_IN_SORTED.java:28 -> quixbugs/faulty_programs/FIND_IN_SORTED.java:104 | gin.edit.statement.CopyStatement quixbugs/faulty_programs/FIND_IN_SORTED.java:89 -> quixbugs/faulty_programs/FIND_IN_SORTED.java:103:104 | gin.edit.statement.SwapStatement quixbugs/faulty_programs/FIND_IN_SORTED.java:104 <-> quixbugs/faulty_programs/FIND_IN_SORTED.java:103 |","true","false","1.609442","11.0","6.0"
"faulty_programs.FIND_IN_SORTED.faulty_programs.FIND_IN_SORTED.find_in_sorted(int[],int)","| gin.edit.statement.SwapStatement quixbugs/faulty_programs/FIND_IN_SORTED.java:104 <-> quixbugs/faulty_programs/FIND_IN_SORTED.java:104 | gin.edit.modifynode.ReplaceExpression quixbugs/faulty_programs/FIND_IN_SORTED.java:52 -> quixbugs/faulty_programs/FIND_IN_SORTED.java:113 | gin.edit.statement.ReplaceStatement quixbugs/faulty_programs/FIND_IN_SORTED.java:28 -> quixbugs/faulty_programs/FIND_IN_SORTED.java:104 | gin.edit.modifynode.SwapExpression quixbugs/faulty_programs/FIND_IN_SORTED.java:111 <-> quixbugs/faulty_programs/FIND_IN_SORTED.java:111 | gin.edit.statement.SwapStatement quixbugs/faulty_programs/FIND_IN_SORTED.java:103 <-> quixbugs/faulty_programs/FIND_IN_SORTED.java:103 | gin.edit.statement.SwapStatement quixbugs/faulty_programs/FIND_IN_SORTED.java:103 <-> quixbugs/faulty_programs/FIND_IN_SORTED.java:103 |","true","false","1.651016","11.0","6.0"
"faulty_programs.FIND_IN_SORTED.faulty_programs.FIND_IN_SORTED.find_in_sorted(int[],int)","| gin.edit.statement.SwapStatement quixbugs/faulty_programs/FIND_IN_SORTED.java:104 <-> quixbugs/faulty_programs/FIND_IN_SORTED.java:104 | gin.edit.statement.SwapStatement quixbugs/faulty_programs/FIND_IN_SORTED.java:104 <-> quixbugs/faulty_programs/FIND_IN_SORTED.java:104 | gin.edit.modifynode.ReplaceExpression quixbugs/faulty_programs/FIND_IN_SORTED.java:52 -> quixbugs/faulty_programs/FIND_IN_SORTED.java:113 | gin.edit.statement.ReplaceStatement quixbugs/faulty_programs/FIND_IN_SORTED.java:28 -> quixbugs/faulty_programs/FIND_IN_SORTED.java:104 | gin.edit.statement.SwapStatement quixbugs/faulty_programs/FIND_IN_SORTED.java:103 <-> quixbugs/faulty_programs/FIND_IN_SORTED.java:103 | gin.edit.statement.CopyStatement quixbugs/faulty_programs/FIND_IN_SORTED.java:20 -> quixbugs/faulty_programs/FIND_IN_SORTED.java:103:104 |","true","false","1.442412","11.0","6.0"
"faulty_programs.FIND_IN_SORTED.faulty_programs.FIND_IN_SORTED.find_in_sorted(int[],int)","| gin.edit.statement.SwapStatement quixbugs/faulty_programs/FIND_IN_SORTED.java:104 <-> quixbugs/faulty_programs/FIND_IN_SORTED.java:104 | gin.edit.modifynode.ReplaceExpression quixbugs/faulty_programs/FIND_IN_SORTED.java:52 -> quixbugs/faulty_programs/FIND_IN_SORTED.java:113 | gin.edit.statement.ReplaceStatement quixbugs/faulty_programs/FIND_IN_SORTED.java:28 -> quixbugs/faulty_programs/FIND_IN_SORTED.java:104 | gin.edit.statement.SwapStatement quixbugs/faulty_programs/FIND_IN_SORTED.java:103 <-> quixbugs/faulty_programs/FIND_IN_SORTED.java:103 | gin.edit.statement.SwapStatement quixbugs/faulty_programs/FIND_IN_SORTED.java:104 <-> quixbugs/faulty_programs/FIND_IN_SORTED.java:104 | gin.edit.statement.ReplaceStatement quixbugs/faulty_programs/FIND_IN_SORTED.java:28 -> quixbugs/faulty_programs/FIND_IN_SORTED.java:104 | gin.edit.statement.CopyStatement quixbugs/faulty_programs/FIND_IN_SORTED.java:89 -> quixbugs/faulty_programs/FIND_IN_SORTED.java:103:104 | gin.edit.statement.SwapStatement quixbugs/faulty_programs/FIND_IN_SORTED.java:103 <-> quixbugs/faulty_programs/FIND_IN_SORTED.java:104 |","true","false","1.706627","11.0","6.0"
"faulty_programs.FIND_IN_SORTED.faulty_programs.FIND_IN_SORTED.find_in_sorted(int[],int)","| gin.edit.statement.SwapStatement quixbugs/faulty_programs/FIND_IN_SORTED.java:104 <-> quixbugs/faulty_programs/FIND_IN_SORTED.java:104 | gin.edit.statement.ReplaceStatement quixbugs/faulty_programs/FIND_IN_SORTED.java:28 -> quixbugs/faulty_programs/FIND_IN_SORTED.java:104 | gin.edit.statement.SwapStatement quixbugs/faulty_programs/FIND_IN_SORTED.java:104 <-> quixbugs/faulty_programs/FIND_IN_SORTED.java:104 | gin.edit.statement.ReplaceStatement quixbugs/faulty_programs/FIND_IN_SORTED.java:104 -> quixbugs/faulty_programs/FIND_IN_SORTED.java:104 | gin.edit.statement.DeleteStatement quixbugs/faulty_programs/FIND_IN_SORTED.java:104 |","true","false","1.734744","11.0","6.0"
"faulty_programs.FIND_IN_SORTED.faulty_programs.FIND_IN_SORTED.find_in_sorted(int[],int)","| gin.edit.statement.SwapStatement quixbugs/faulty_programs/FIND_IN_SORTED.java:104 <-> quixbugs/faulty_programs/FIND_IN_SORTED.java:104 | gin.edit.statement.SwapStatement quixbugs/faulty_programs/FIND_IN_SORTED.java:104 <-> quixbugs/faulty_programs/FIND_IN_SORTED.java:104 | gin.edit.statement.ReplaceStatement quixbugs/faulty_programs/FIND_IN_SORTED.java:28 -> quixbugs/faulty_programs/FIND_IN_SORTED.java:104 | gin.edit.statement.CopyStatement quixbugs/faulty_programs/FIND_IN_SORTED.java:89 -> quixbugs/faulty_programs/FIND_IN_SORTED.java:103:104 | gin.edit.statement.DeleteStatement quixbugs/faulty_programs/FIND_IN_SORTED.java:103 |","false","false","0.0","0.0","-5.0"
"faulty_programs.FIND_IN_SORTED.faulty_programs.FIND_IN_SORTED.find_in_sorted(int[],int)","| gin.edit.statement.DeleteStatement quixbugs/faulty_programs/FIND_IN_SORTED.java:104 | gin.edit.statement.SwapStatement quixbugs/faulty_programs/FIND_IN_SORTED.java:104 <-> quixbugs/faulty_programs/FIND_IN_SORTED.java:104 | gin.edit.statement.SwapStatement quixbugs/faulty_programs/FIND_IN_SORTED.java:104 <-> quixbugs/faulty_programs/FIND_IN_SORTED.java:104 | gin.edit.statement.CopyStatement quixbugs/faulty_programs/FIND_IN_SORTED.java:89 -> quixbugs/faulty_programs/FIND_IN_SORTED.java:103:104 | gin.edit.modifynode.SwapExpression quixbugs/faulty_programs/FIND_IN_SORTED.java:107 <-> quixbugs/faulty_programs/FIND_IN_SORTED.java:112 |","false","false","0.0","0.0","-5.0"
"faulty_programs.FIND_IN_SORTED.faulty_programs.FIND_IN_SORTED.find_in_sorted(int[],int)","| gin.edit.statement.CopyStatement quixbugs/faulty_programs/FIND_IN_SORTED.java:89 -> quixbugs/faulty_programs/FIND_IN_SORTED.java:103:104 | gin.edit.statement.ReplaceStatement quixbugs/faulty_programs/FIND_IN_SORTED.java:28 -> quixbugs/faulty_programs/FIND_IN_SORTED.java:104 | gin.edit.statement.ReplaceStatement quixbugs/faulty_programs/FIND_IN_SORTED.java:104 -> quixbugs/faulty_programs/FIND_IN_SORTED.java:104 | gin.edit.statement.DeleteStatement quixbugs/faulty_programs/FIND_IN_SORTED.java:104 | gin.edit.statement.ReplaceStatement quixbugs/faulty_programs/FIND_IN_SORTED.java:28 -> quixbugs/faulty_programs/FIND_IN_SORTED.java:103 |","false","false","0.0","0.0","-5.0"
"faulty_programs.FIND_IN_SORTED.faulty_programs.FIND_IN_SORTED.find_in_sorted(int[],int)","| gin.edit.statement.ReplaceStatement quixbugs/faulty_programs/FIND_IN_SORTED.java:28 -> quixbugs/faulty_programs/FIND_IN_SORTED.java:104 | gin.edit.statement.ReplaceStatement quixbugs/faulty_programs/FIND_IN_SORTED.java:28 -> quixbugs/faulty_programs/FIND_IN_SORTED.java:104 | gin.edit.statement.DeleteStatement quixbugs/faulty_programs/FIND_IN_SORTED.java:104 | gin.edit.statement.DeleteStatement quixbugs/faulty_programs/FIND_IN_SORTED.java:104 | gin.edit.statement.SwapStatement quixbugs/faulty_programs/FIND_IN_SORTED.java:103 <-> quixbugs/faulty_programs/FIND_IN_SORTED.java:103 | gin.edit.statement.CopyStatement quixbugs/faulty_programs/FIND_IN_SORTED.java:103 -> quixbugs/faulty_programs/FIND_IN_SORTED.java:103:104 | gin.edit.statement.DeleteStatement quixbugs/faulty_programs/FIND_IN_SORTED.java:103 |","false","false","0.0","0.0","-5.0"
"faulty_programs.FIND_IN_SORTED.faulty_programs.FIND_IN_SORTED.find_in_sorted(int[],int)","| gin.edit.statement.SwapStatement quixbugs/faulty_programs/FIND_IN_SORTED.java:104 <-> quixbugs/faulty_programs/FIND_IN_SORTED.java:104 | gin.edit.statement.ReplaceStatement quixbugs/faulty_programs/FIND_IN_SORTED.java:20 -> quixbugs/faulty_programs/FIND_IN_SORTED.java:104 | gin.edit.statement.ReplaceStatement quixbugs/faulty_programs/FIND_IN_SORTED.java:21 -> quixbugs/faulty_programs/FIND_IN_SORTED.java:104 | gin.edit.statement.SwapStatement quixbugs/faulty_programs/FIND_IN_SORTED.java:104 <-> quixbugs/faulty_programs/FIND_IN_SORTED.java:104 | gin.edit.statement.ReplaceStatement quixbugs/faulty_programs/FIND_IN_SORTED.java:27 -> quixbugs/faulty_programs/FIND_IN_SORTED.java:103 | gin.edit.modifynode.ReplaceExpression quixbugs/faulty_programs/FIND_IN_SORTED.java:52 -> quixbugs/faulty_programs/FIND_IN_SORTED.java:113 | gin.edit.statement.SwapStatement quixbugs/faulty_programs/FIND_IN_SORTED.java:104 <-> quixbugs/faulty_programs/FIND_IN_SORTED.java:104 | gin.edit.statement.ReplaceStatement quixbugs/faulty_programs/FIND_IN_SORTED.java:68 -> quixbugs/faulty_programs/FIND_IN_SORTED.java:104 | gin.edit.statement.ReplaceStatement quixbugs/faulty_programs/FIND_IN_SORTED.java:90 -> quixbugs/faulty_programs/FIND_IN_SORTED.java:104 |","true","false","1.575174","11.0","6.0"
"faulty_programs.FIND_IN_SORTED.faulty_programs.FIND_IN_SORTED.find_in_sorted(int[],int)","| gin.edit.statement.ReplaceStatement quixbugs/faulty_programs/FIND_IN_SORTED.java:28 -> quixbugs/faulty_programs/FIND_IN_SORTED.java:104 | gin.edit.statement.ReplaceStatement quixbugs/faulty_programs/FIND_IN_SORTED.java:28 -> quixbugs/faulty_programs/FIND_IN_SORTED.java:104 | gin.edit.statement.DeleteStatement quixbugs/faulty_programs/FIND_IN_SORTED.java:104 | gin.edit.statement.SwapStatement quixbugs/faulty_programs/FIND_IN_SORTED.java:104 <-> quixbugs/faulty_programs/FIND_IN_SORTED.java:104 | gin.edit.statement.ReplaceStatement quixbugs/faulty_programs/FIND_IN_SORTED.java:20 -> quixbugs/faulty_programs/FIND_IN_SORTED.java:104 | gin.edit.statement.SwapStatement quixbugs/faulty_programs/FIND_IN_SORTED.java:104 <-> quixbugs/faulty_programs/FIND_IN_SORTED.java:104 | gin.edit.statement.ReplaceStatement quixbugs/faulty_programs/FIND_IN_SORTED.java:68 -> quixbugs/faulty_programs/FIND_IN_SORTED.java:104 | gin.edit.statement.SwapStatement quixbugs/faulty_programs/FIND_IN_SORTED.java:103 <-> quixbugs/faulty_programs/FIND_IN_SORTED.java:103 |","true","false","1.663937","11.0","6.0"
"faulty_programs.FIND_IN_SORTED.faulty_programs.FIND_IN_SORTED.find_in_sorted(int[],int)","| gin.edit.statement.SwapStatement quixbugs/faulty_programs/FIND_IN_SORTED.java:104 <-> quixbugs/faulty_programs/FIND_IN_SORTED.java:104 | gin.edit.statement.ReplaceStatement quixbugs/faulty_programs/FIND_IN_SORTED.java:21 -> quixbugs/faulty_programs/FIND_IN_SORTED.java:104 | gin.edit.modifynode.ReplaceExpression quixbugs/faulty_programs/FIND_IN_SORTED.java:52 -> quixbugs/faulty_programs/FIND_IN_SORTED.java:113 | gin.edit.statement.SwapStatement quixbugs/faulty_programs/FIND_IN_SORTED.java:104 <-> quixbugs/faulty_programs/FIND_IN_SORTED.java:104 | gin.edit.statement.ReplaceStatement quixbugs/faulty_programs/FIND_IN_SORTED.java:68 -> quixbugs/faulty_programs/FIND_IN_SORTED.java:104 | gin.edit.statement.ReplaceStatement quixbugs/faulty_programs/FIND_IN_SORTED.java:28 -> quixbugs/faulty_programs/FIND_IN_SORTED.java:104 | gin.edit.statement.DeleteStatement quixbugs/faulty_programs/FIND_IN_SORTED.java:104 | gin.edit.modifynode.SwapExpression quixbugs/faulty_programs/FIND_IN_SORTED.java:113 <-> quixbugs/faulty_programs/FIND_IN_SORTED.java:112 |","false","false","0.0","0.0","-5.0"
"faulty_programs.FIND_IN_SORTED.faulty_programs.FIND_IN_SORTED.find_in_sorted(int[],int)","| gin.edit.statement.SwapStatement quixbugs/faulty_programs/FIND_IN_SORTED.java:104 <-> quixbugs/faulty_programs/FIND_IN_SORTED.java:104 | gin.edit.statement.ReplaceStatement quixbugs/faulty_programs/FIND_IN_SORTED.java:20 -> quixbugs/faulty_programs/FIND_IN_SORTED.java:104 | gin.edit.statement.ReplaceStatement quixbugs/faulty_programs/FIND_IN_SORTED.java:21 -> quixbugs/faulty_programs/FIND_IN_SORTED.java:104 | gin.edit.statement.SwapStatement quixbugs/faulty_programs/FIND_IN_SORTED.java:104 <-> quixbugs/faulty_programs/FIND_IN_SORTED.java:104 | gin.edit.statement.ReplaceStatement quixbugs/faulty_programs/FIND_IN_SORTED.java:27 -> quixbugs/faulty_programs/FIND_IN_SORTED.java:103 | gin.edit.modifynode.ReplaceExpression quixbugs/faulty_programs/FIND_IN_SORTED.java:52 -> quixbugs/faulty_programs/FIND_IN_SORTED.java:113 | gin.edit.statement.SwapStatement quixbugs/faulty_programs/FIND_IN_SORTED.java:104 <-> quixbugs/faulty_programs/FIND_IN_SORTED.java:104 | gin.edit.statement.DeleteStatement quixbugs/faulty_programs/FIND_IN_SORTED.java:103 |","true","false","1.76823","11.0","6.0"
"faulty_programs.FIND_IN_SORTED.faulty_programs.FIND_IN_SORTED.find_in_sorted(int[],int)","| gin.edit.statement.SwapStatement quixbugs/faulty_programs/FIND_IN_SORTED.java:104 <-> quixbugs/faulty_programs/FIND_IN_SORTED.java:104 | gin.edit.statement.SwapStatement quixbugs/faulty_programs/FIND_IN_SORTED.java:104 <-> quixbugs/faulty_programs/FIND_IN_SORTED.java:104 | gin.edit.statement.ReplaceStatement quixbugs/faulty_programs/FIND_IN_SORTED.java:28 -> quixbugs/faulty_programs/FIND_IN_SORTED.java:104 | gin.edit.statement.CopyStatement quixbugs/faulty_programs/FIND_IN_SORTED.java:89 -> quixbugs/faulty_programs/FIND_IN_SORTED.java:103:104 | gin.edit.modifynode.SwapExpression quixbugs/faulty_programs/FIND_IN_SORTED.java:105 <-> quixbugs/faulty_programs/FIND_IN_SORTED.java:111 |","true","false","1.580981","11.0","6.0"
"faulty_programs.FIND_IN_SORTED.faulty_programs.FIND_IN_SORTED.find_in_sorted(int[],int)","| gin.edit.statement.ReplaceStatement quixbugs/faulty_programs/FIND_IN_SORTED.java:20 -> quixbugs/faulty_programs/FIND_IN_SORTED.java:104 | gin.edit.statement.ReplaceStatement quixbugs/faulty_programs/FIND_IN_SORTED.java:21 -> quixbugs/faulty_programs/FIND_IN_SORTED.java:104 | gin.edit.statement.SwapStatement quixbugs/faulty_programs/FIND_IN_SORTED.java:104 <-> quixbugs/faulty_programs/FIND_IN_SORTED.java:104 | gin.edit.statement.ReplaceStatement quixbugs/faulty_programs/FIND_IN_SORTED.java:27 -> quixbugs/faulty_programs/FIND_IN_SORTED.java:103 | gin.edit.statement.DeleteStatement quixbugs/faulty_programs/FIND_IN_SORTED.java:103 | gin.edit.statement.SwapStatement quixbugs/faulty_programs/FIND_IN_SORTED.java:104 <-> quixbugs/faulty_programs/FIND_IN_SORTED.java:104 | gin.edit.statement.ReplaceStatement quixbugs/faulty_programs/FIND_IN_SORTED.java:28 -> quixbugs/faulty_programs/FIND_IN_SORTED.java:104 | gin.edit.statement.CopyStatement quixbugs/faulty_programs/FIND_IN_SORTED.java:89 -> quixbugs/faulty_programs/FIND_IN_SORTED.java:103:104 | gin.edit.statement.DeleteStatement quixbugs/faulty_programs/FIND_IN_SORTED.java:104 |","true","false","1.662006","11.0","6.0"
"faulty_programs.FIND_IN_SORTED.faulty_programs.FIND_IN_SORTED.find_in_sorted(int[],int)","| gin.edit.statement.SwapStatement quixbugs/faulty_programs/FIND_IN_SORTED.java:104 <-> quixbugs/faulty_programs/FIND_IN_SORTED.java:104 | gin.edit.statement.CopyStatement quixbugs/faulty_programs/FIND_IN_SORTED.java:89 -> quixbugs/faulty_programs/FIND_IN_SORTED.java:103:104 | gin.edit.statement.SwapStatement quixbugs/faulty_programs/FIND_IN_SORTED.java:104 <-> quixbugs/faulty_programs/FIND_IN_SORTED.java:104 | gin.edit.statement.SwapStatement quixbugs/faulty_programs/FIND_IN_SORTED.java:104 <-> quixbugs/faulty_programs/FIND_IN_SORTED.java:104 |","false","false","0.0","0.0","-5.0"
"faulty_programs.FIND_IN_SORTED.faulty_programs.FIND_IN_SORTED.find_in_sorted(int[],int)","| gin.edit.statement.ReplaceStatement quixbugs/faulty_programs/FIND_IN_SORTED.java:28 -> quixbugs/faulty_programs/FIND_IN_SORTED.java:104 | gin.edit.modifynode.ReplaceExpression quixbugs/faulty_programs/FIND_IN_SORTED.java:81 -> quixbugs/faulty_programs/FIND_IN_SORTED.java:111 | gin.edit.statement.ReplaceStatement quixbugs/faulty_programs/FIND_IN_SORTED.java:28 -> quixbugs/faulty_programs/FIND_IN_SORTED.java:104 | gin.edit.statement.ReplaceStatement quixbugs/faulty_programs/FIND_IN_SORTED.java:27 -> quixbugs/faulty_programs/FIND_IN_SORTED.java:104 |","true","false","1.669882","11.0","6.0"
"faulty_programs.FIND_IN_SORTED.faulty_programs.FIND_IN_SORTED.find_in_sorted(int[],int)","| gin.edit.statement.SwapStatement quixbugs/faulty_programs/FIND_IN_SORTED.java:104 <-> quixbugs/faulty_programs/FIND_IN_SORTED.java:104 | gin.edit.statement.ReplaceStatement quixbugs/faulty_programs/FIND_IN_SORTED.java:27 -> quixbugs/faulty_programs/FIND_IN_SORTED.java:103 | gin.edit.statement.ReplaceStatement quixbugs/faulty_programs/FIND_IN_SORTED.java:28 -> quixbugs/faulty_programs/FIND_IN_SORTED.java:103 | gin.edit.modifynode.ReplaceExpression quixbugs/faulty_programs/FIND_IN_SORTED.java:29 -> quixbugs/faulty_programs/FIND_IN_SORTED.java:105 | gin.edit.modifynode.SwapExpression quixbugs/faulty_programs/FIND_IN_SORTED.java:112 <-> quixbugs/faulty_programs/FIND_IN_SORTED.java:109 | gin.edit.statement.SwapStatement quixbugs/faulty_programs/FIND_IN_SORTED.java:104 <-> quixbugs/faulty_programs/FIND_IN_SORTED.java:103 |","true","false","15.201817","11.0","6.0"
"faulty_programs.FIND_IN_SORTED.faulty_programs.FIND_IN_SORTED.find_in_sorted(int[],int)","| gin.edit.statement.ReplaceStatement quixbugs/faulty_programs/FIND_IN_SORTED.java:28 -> quixbugs/faulty_programs/FIND_IN_SORTED.java:104 | gin.edit.statement.ReplaceStatement quixbugs/faulty_programs/FIND_IN_SORTED.java:28 -> quixbugs/faulty_programs/FIND_IN_SORTED.java:104 | gin.edit.statement.ReplaceStatement quixbugs/faulty_programs/FIND_IN_SORTED.java:27 -> quixbugs/faulty_programs/FIND_IN_SORTED.java:104 | gin.edit.statement.SwapStatement quixbugs/faulty_programs/FIND_IN_SORTED.java:104 <-> quixbugs/faulty_programs/FIND_IN_SORTED.java:104 | gin.edit.statement.ReplaceStatement quixbugs/faulty_programs/FIND_IN_SORTED.java:27 -> quixbugs/faulty_programs/FIND_IN_SORTED.java:103 | gin.edit.statement.ReplaceStatement quixbugs/faulty_programs/FIND_IN_SORTED.java:28 -> quixbugs/faulty_programs/FIND_IN_SORTED.java:103 | gin.edit.modifynode.ReplaceExpression quixbugs/faulty_programs/FIND_IN_SORTED.java:29 -> quixbugs/faulty_programs/FIND_IN_SORTED.java:105 | gin.edit.modifynode.SwapExpression quixbugs/faulty_programs/FIND_IN_SORTED.java:112 <-> quixbugs/faulty_programs/FIND_IN_SORTED.java:109 |","true","false","1.396426","11.0","6.0"
"faulty_programs.FIND_IN_SORTED.faulty_programs.FIND_IN_SORTED.find_in_sorted(int[],int)","| gin.edit.modifynode.SwapExpression quixbugs/faulty_programs/FIND_IN_SORTED.java:112 <-> quixbugs/faulty_programs/FIND_IN_SORTED.java:109 | gin.edit.statement.ReplaceStatement quixbugs/faulty_programs/FIND_IN_SORTED.java:27 -> quixbugs/faulty_programs/FIND_IN_SORTED.java:104 | gin.edit.modifynode.SwapExpression quixbugs/faulty_programs/FIND_IN_SORTED.java:105 <-> quixbugs/faulty_programs/FIND_IN_SORTED.java:112 |","true","false","1.783168","11.0","6.0"
"faulty_programs.FIND_IN_SORTED.faulty_programs.FIND_IN_SORTED.find_in_sorted(int[],int)","| gin.edit.statement.ReplaceStatement quixbugs/faulty_programs/FIND_IN_SORTED.java:28 -> quixbugs/faulty_programs/FIND_IN_SORTED.java:104 | gin.edit.statement.SwapStatement quixbugs/faulty_programs/FIND_IN_SORTED.java:104 <-> quixbugs/faulty_programs/FIND_IN_SORTED.java:104 | gin.edit.statement.ReplaceStatement quixbugs/faulty_programs/FIND_IN_SORTED.java:27 -> quixbugs/faulty_programs/FIND_IN_SORTED.java:104 |","true","false","1.715386","11.0","6.0"
"faulty_programs.FIND_IN_SORTED.faulty_programs.FIND_IN_SORTED.find_in_sorted(int[],int)","| gin.edit.statement.ReplaceStatement quixbugs/faulty_programs/FIND_IN_SORTED.java:28 -> quixbugs/faulty_programs/FIND_IN_SORTED.java:104 | gin.edit.statement.SwapStatement quixbugs/faulty_programs/FIND_IN_SORTED.java:104 <-> quixbugs/faulty_programs/FIND_IN_SORTED.java:103 | gin.edit.statement.ReplaceStatement quixbugs/faulty_programs/FIND_IN_SORTED.java:47 -> quixbugs/faulty_programs/FIND_IN_SORTED.java:104 | gin.edit.statement.SwapStatement quixbugs/faulty_programs/FIND_IN_SORTED.java:103 <-> quixbugs/faulty_programs/FIND_IN_SORTED.java:104 | gin.edit.statement.SwapStatement quixbugs/faulty_programs/FIND_IN_SORTED.java:103 <-> quixbugs/faulty_programs/FIND_IN_SORTED.java:104 |","true","false","1.613251","11.0","6.0"
"faulty_programs.FIND_IN_SORTED.faulty_programs.FIND_IN_SORTED.find_in_sorted(int[],int)","| gin.edit.statement.ReplaceStatement quixbugs/faulty_programs/FIND_IN_SORTED.java:27 -> quixbugs/faulty_programs/FIND_IN_SORTED.java:104 | gin.edit.statement.ReplaceStatement quixbugs/faulty_programs/FIND_IN_SORTED.java:28 -> quixbugs/faulty_programs/FIND_IN_SORTED.java:104 | gin.edit.statement.SwapStatement quixbugs/faulty_programs/FIND_IN_SORTED.java:104 <-> quixbugs/faulty_programs/FIND_IN_SORTED.java:103 | gin.edit.statement.ReplaceStatement quixbugs/faulty_programs/FIND_IN_SORTED.java:47 -> quixbugs/faulty_programs/FIND_IN_SORTED.java:104 | gin.edit.statement.SwapStatement quixbugs/faulty_programs/FIND_IN_SORTED.java:103 <-> quixbugs/faulty_programs/FIND_IN_SORTED.java:104 | gin.edit.statement.CopyStatement quixbugs/faulty_programs/FIND_IN_SORTED.java:104 -> quixbugs/faulty_programs/FIND_IN_SORTED.java:103:104 |","true","false","1.670488","11.0","6.0"
"faulty_programs.FIND_IN_SORTED.faulty_programs.FIND_IN_SORTED.find_in_sorted(int[],int)","| gin.edit.statement.ReplaceStatement quixbugs/faulty_programs/FIND_IN_SORTED.java:28 -> quixbugs/faulty_programs/FIND_IN_SORTED.java:104 | gin.edit.statement.ReplaceStatement quixbugs/faulty_programs/FIND_IN_SORTED.java:47 -> quixbugs/faulty_programs/FIND_IN_SORTED.java:104 | gin.edit.statement.SwapStatement quixbugs/faulty_programs/FIND_IN_SORTED.java:103 <-> quixbugs/faulty_programs/FIND_IN_SORTED.java:104 | gin.edit.statement.SwapStatement quixbugs/faulty_programs/FIND_IN_SORTED.java:104 <-> quixbugs/faulty_programs/FIND_IN_SORTED.java:104 | gin.edit.statement.ReplaceStatement quixbugs/faulty_programs/FIND_IN_SORTED.java:27 -> quixbugs/faulty_programs/FIND_IN_SORTED.java:104 |","true","false","1.712688","11.0","6.0"
"faulty_programs.FIND_IN_SORTED.faulty_programs.FIND_IN_SORTED.find_in_sorted(int[],int)","| gin.edit.statement.SwapStatement quixbugs/faulty_programs/FIND_IN_SORTED.java:104 <-> quixbugs/faulty_programs/FIND_IN_SORTED.java:104 | gin.edit.statement.ReplaceStatement quixbugs/faulty_programs/FIND_IN_SORTED.java:27 -> quixbugs/faulty_programs/FIND_IN_SORTED.java:103 | gin.edit.statement.ReplaceStatement quixbugs/faulty_programs/FIND_IN_SORTED.java:28 -> quixbugs/faulty_programs/FIND_IN_SORTED.java:103 | gin.edit.modifynode.ReplaceExpression quixbugs/faulty_programs/FIND_IN_SORTED.java:29 -> quixbugs/faulty_programs/FIND_IN_SORTED.java:105 | gin.edit.modifynode.SwapExpression quixbugs/faulty_programs/FIND_IN_SORTED.java:112 <-> quixbugs/faulty_programs/FIND_IN_SORTED.java:109 | gin.edit.statement.SwapStatement quixbugs/faulty_programs/FIND_IN_SORTED.java:104 <-> quixbugs/faulty_programs/FIND_IN_SORTED.java:103 |","true","false","1.622371","11.0","6.0"
"faulty_programs.FIND_IN_SORTED.faulty_programs.FIND_IN_SORTED.find_in_sorted(int[],int)","| gin.edit.statement.ReplaceStatement quixbugs/faulty_programs/FIND_IN_SORTED.java:28 -> quixbugs/faulty_programs/FIND_IN_SORTED.java:104 | gin.edit.statement.SwapStatement quixbugs/faulty_programs/FIND_IN_SORTED.java:104 <-> quixbugs/faulty_programs/FIND_IN_SORTED.java:103 | gin.edit.modifynode.SwapExpression quixbugs/faulty_programs/FIND_IN_SORTED.java:112 <-> quixbugs/faulty_programs/FIND_IN_SORTED.java:109 | gin.edit.statement.SwapStatement quixbugs/faulty_programs/FIND_IN_SORTED.java:104 <-> quixbugs/faulty_programs/FIND_IN_SORTED.java:104 | gin.edit.modifynode.ReplaceExpression quixbugs/faulty_programs/FIND_IN_SORTED.java:52 -> quixbugs/faulty_programs/FIND_IN_SORTED.java:113 | gin.edit.statement.DeleteStatement quixbugs/faulty_programs/FIND_IN_SORTED.java:104 |","true","false","1.433685","11.0","6.0"
"faulty_programs.FIND_IN_SORTED.faulty_programs.FIND_IN_SORTED.find_in_sorted(int[],int)","| gin.edit.statement.SwapStatement quixbugs/faulty_programs/FIND_IN_SORTED.java:104 <-> quixbugs/faulty_programs/FIND_IN_SORTED.java:104 | gin.edit.modifynode.ReplaceExpression quixbugs/faulty_programs/FIND_IN_SORTED.java:29 -> quixbugs/faulty_programs/FIND_IN_SORTED.java:105 | gin.edit.modifynode.SwapExpression quixbugs/faulty_programs/FIND_IN_SORTED.java:112 <-> quixbugs/faulty_programs/FIND_IN_SORTED.java:109 | gin.edit.statement.SwapStatement quixbugs/faulty_programs/FIND_IN_SORTED.java:104 <-> quixbugs/faulty_programs/FIND_IN_SORTED.java:104 | gin.edit.modifynode.ReplaceExpression quixbugs/faulty_programs/FIND_IN_SORTED.java:52 -> quixbugs/faulty_programs/FIND_IN_SORTED.java:113 |","true","false","1.567464","11.0","6.0"
"faulty_programs.FIND_IN_SORTED.faulty_programs.FIND_IN_SORTED.find_in_sorted(int[],int)","| gin.edit.statement.ReplaceStatement quixbugs/faulty_programs/FIND_IN_SORTED.java:28 -> quixbugs/faulty_programs/FIND_IN_SORTED.java:104 | gin.edit.statement.SwapStatement quixbugs/faulty_programs/FIND_IN_SORTED.java:104 <-> quixbugs/faulty_programs/FIND_IN_SORTED.java:104 | gin.edit.statement.DeleteStatement quixbugs/faulty_programs/FIND_IN_SORTED.java:104 | gin.edit.statement.SwapStatement quixbugs/faulty_programs/FIND_IN_SORTED.java:104 <-> quixbugs/faulty_programs/FIND_IN_SORTED.java:104 | gin.edit.statement.ReplaceStatement quixbugs/faulty_programs/FIND_IN_SORTED.java:28 -> quixbugs/faulty_programs/FIND_IN_SORTED.java:103 | gin.edit.modifynode.ReplaceExpression quixbugs/faulty_programs/FIND_IN_SORTED.java:29 -> quixbugs/faulty_programs/FIND_IN_SORTED.java:105 | gin.edit.statement.ReplaceStatement quixbugs/faulty_programs/FIND_IN_SORTED.java:104 -> quixbugs/faulty_programs/FIND_IN_SORTED.java:103 |","true","false","0.0","0.0","-5.0"
"faulty_programs.FIND_IN_SORTED.faulty_programs.FIND_IN_SORTED.find_in_sorted(int[],int)","| gin.edit.statement.ReplaceStatement quixbugs/faulty_programs/FIND_IN_SORTED.java:27 -> quixbugs/faulty_programs/FIND_IN_SORTED.java:104 | gin.edit.statement.ReplaceStatement quixbugs/faulty_programs/FIND_IN_SORTED.java:28 -> quixbugs/faulty_programs/FIND_IN_SORTED.java:104 | gin.edit.statement.SwapStatement quixbugs/faulty_programs/FIND_IN_SORTED.java:104 <-> quixbugs/faulty_programs/FIND_IN_SORTED.java:103 | gin.edit.statement.ReplaceStatement quixbugs/faulty_programs/FIND_IN_SORTED.java:47 -> quixbugs/faulty_programs/FIND_IN_SORTED.java:104 | gin.edit.statement.SwapStatement quixbugs/faulty_programs/FIND_IN_SORTED.java:103 <-> quixbugs/faulty_programs/FIND_IN_SORTED.java:104 | gin.edit.statement.CopyStatement quixbugs/faulty_programs/FIND_IN_SORTED.java:104 -> quixbugs/faulty_programs/FIND_IN_SORTED.java:103:104 | gin.edit.statement.SwapStatement quixbugs/faulty_programs/FIND_IN_SORTED.java:103 <-> quixbugs/faulty_programs/FIND_IN_SORTED.java:104 |","true","false","1.74456","11.0","6.0"
"faulty_programs.FIND_IN_SORTED.faulty_programs.FIND_IN_SORTED.find_in_sorted(int[],int)","| gin.edit.statement.SwapStatement quixbugs/faulty_programs/FIND_IN_SORTED.java:104 <-> quixbugs/faulty_programs/FIND_IN_SORTED.java:104 | gin.edit.statement.ReplaceStatement quixbugs/faulty_programs/FIND_IN_SORTED.java:20 -> quixbugs/faulty_programs/FIND_IN_SORTED.java:104 | gin.edit.statement.ReplaceStatement quixbugs/faulty_programs/FIND_IN_SORTED.java:21 -> quixbugs/faulty_programs/FIND_IN_SORTED.java:104 | gin.edit.statement.SwapStatement quixbugs/faulty_programs/FIND_IN_SORTED.java:104 <-> quixbugs/faulty_programs/FIND_IN_SORTED.java:104 | gin.edit.statement.ReplaceStatement quixbugs/faulty_programs/FIND_IN_SORTED.java:27 -> quixbugs/faulty_programs/FIND_IN_SORTED.java:103 | gin.edit.modifynode.ReplaceExpression quixbugs/faulty_programs/FIND_IN_SORTED.java:52 -> quixbugs/faulty_programs/FIND_IN_SORTED.java:113 | gin.edit.statement.SwapStatement quixbugs/faulty_programs/FIND_IN_SORTED.java:104 <-> quixbugs/faulty_programs/FIND_IN_SORTED.java:104 | gin.edit.statement.ReplaceStatement quixbugs/faulty_programs/FIND_IN_SORTED.java:68 -> quixbugs/faulty_programs/FIND_IN_SORTED.java:104 | gin.edit.statement.ReplaceStatement quixbugs/faulty_programs/FIND_IN_SORTED.java:90 -> quixbugs/faulty_programs/FIND_IN_SORTED.java:104 |","true","false","1.566504","11.0","6.0"
"faulty_programs.FIND_IN_SORTED.faulty_programs.FIND_IN_SORTED.find_in_sorted(int[],int)","| gin.edit.statement.ReplaceStatement quixbugs/faulty_programs/FIND_IN_SORTED.java:27 -> quixbugs/faulty_programs/FIND_IN_SORTED.java:104 | gin.edit.statement.ReplaceStatement quixbugs/faulty_programs/FIND_IN_SORTED.java:28 -> quixbugs/faulty_programs/FIND_IN_SORTED.java:104 | gin.edit.statement.ReplaceStatement quixbugs/faulty_programs/FIND_IN_SORTED.java:47 -> quixbugs/faulty_programs/FIND_IN_SORTED.java:104 | gin.edit.statement.SwapStatement quixbugs/faulty_programs/FIND_IN_SORTED.java:104 <-> quixbugs/faulty_programs/FIND_IN_SORTED.java:104 | gin.edit.statement.ReplaceStatement quixbugs/faulty_programs/FIND_IN_SORTED.java:20 -> quixbugs/faulty_programs/FIND_IN_SORTED.java:104 | gin.edit.statement.ReplaceStatement quixbugs/faulty_programs/FIND_IN_SORTED.java:21 -> quixbugs/faulty_programs/FIND_IN_SORTED.java:104 | gin.edit.statement.SwapStatement quixbugs/faulty_programs/FIND_IN_SORTED.java:104 <-> quixbugs/faulty_programs/FIND_IN_SORTED.java:104 | gin.edit.statement.ReplaceStatement quixbugs/faulty_programs/FIND_IN_SORTED.java:27 -> quixbugs/faulty_programs/FIND_IN_SORTED.java:103 | gin.edit.statement.ReplaceStatement quixbugs/faulty_programs/FIND_IN_SORTED.java:68 -> quixbugs/faulty_programs/FIND_IN_SORTED.java:104 | gin.edit.modifynode.SwapExpression quixbugs/faulty_programs/FIND_IN_SORTED.java:111 <-> quixbugs/faulty_programs/FIND_IN_SORTED.java:113 |","true","false","253.4428","11.0","6.0"
"faulty_programs.FIND_IN_SORTED.faulty_programs.FIND_IN_SORTED.find_in_sorted(int[],int)","| gin.edit.statement.ReplaceStatement quixbugs/faulty_programs/FIND_IN_SORTED.java:20 -> quixbugs/faulty_programs/FIND_IN_SORTED.java:104 | gin.edit.statement.ReplaceStatement quixbugs/faulty_programs/FIND_IN_SORTED.java:27 -> quixbugs/faulty_programs/FIND_IN_SORTED.java:103 | gin.edit.statement.ReplaceStatement quixbugs/faulty_programs/FIND_IN_SORTED.java:68 -> quixbugs/faulty_programs/FIND_IN_SORTED.java:104 | gin.edit.statement.ReplaceStatement quixbugs/faulty_programs/FIND_IN_SORTED.java:90 -> quixbugs/faulty_programs/FIND_IN_SORTED.java:104 | gin.edit.statement.ReplaceStatement quixbugs/faulty_programs/FIND_IN_SORTED.java:28 -> quixbugs/faulty_programs/FIND_IN_SORTED.java:104 | gin.edit.statement.SwapStatement quixbugs/faulty_programs/FIND_IN_SORTED.java:104 <-> quixbugs/faulty_programs/FIND_IN_SORTED.java:103 | gin.edit.statement.CopyStatement quixbugs/faulty_programs/FIND_IN_SORTED.java:104 -> quixbugs/faulty_programs/FIND_IN_SORTED.java:103:104 | gin.edit.statement.DeleteStatement quixbugs/faulty_programs/FIND_IN_SORTED.java:103 |","true","false","1.638605","11.0","6.0"
"faulty_programs.FIND_IN_SORTED.faulty_programs.FIND_IN_SORTED.find_in_sorted(int[],int)","| gin.edit.statement.ReplaceStatement quixbugs/faulty_programs/FIND_IN_SORTED.java:28 -> quixbugs/faulty_programs/FIND_IN_SORTED.java:104 | gin.edit.statement.ReplaceStatement quixbugs/faulty_programs/FIND_IN_SORTED.java:28 -> quixbugs/faulty_programs/FIND_IN_SORTED.java:104 | gin.edit.statement.SwapStatement quixbugs/faulty_programs/FIND_IN_SORTED.java:104 <-> quixbugs/faulty_programs/FIND_IN_SORTED.java:103 | gin.edit.modifynode.ReplaceExpression quixbugs/faulty_programs/FIND_IN_SORTED.java:36 -> quixbugs/faulty_programs/FIND_IN_SORTED.java:105 | gin.edit.modifynode.SwapExpression quixbugs/faulty_programs/FIND_IN_SORTED.java:111 <-> quixbugs/faulty_programs/FIND_IN_SORTED.java:105 | gin.edit.modifynode.ReplaceExpression quixbugs/faulty_programs/FIND_IN_SORTED.java:58 -> quixbugs/faulty_programs/FIND_IN_SORTED.java:109 |","true","false","1.653851","11.0","6.0"
"faulty_programs.FIND_IN_SORTED.faulty_programs.FIND_IN_SORTED.find_in_sorted(int[],int)","| gin.edit.statement.SwapStatement quixbugs/faulty_programs/FIND_IN_SORTED.java:104 <-> quixbugs/faulty_programs/FIND_IN_SORTED.java:104 | gin.edit.statement.ReplaceStatement quixbugs/faulty_programs/FIND_IN_SORTED.java:27 -> quixbugs/faulty_programs/FIND_IN_SORTED.java:103 | gin.edit.statement.ReplaceStatement quixbugs/faulty_programs/FIND_IN_SORTED.java:28 -> quixbugs/faulty_programs/FIND_IN_SORTED.java:103 | gin.edit.modifynode.ReplaceExpression quixbugs/faulty_programs/FIND_IN_SORTED.java:29 -> quixbugs/faulty_programs/FIND_IN_SORTED.java:105 | gin.edit.modifynode.SwapExpression quixbugs/faulty_programs/FIND_IN_SORTED.java:112 <-> quixbugs/faulty_programs/FIND_IN_SORTED.java:109 | gin.edit.statement.SwapStatement quixbugs/faulty_programs/FIND_IN_SORTED.java:104 <-> quixbugs/faulty_programs/FIND_IN_SORTED.java:103 | gin.edit.statement.CopyStatement quixbugs/faulty_programs/FIND_IN_SORTED.java:20 -> quixbugs/faulty_programs/FIND_IN_SORTED.java:103:103 |","true","false","1.65491","11.0","6.0"
"faulty_programs.FIND_IN_SORTED.faulty_programs.FIND_IN_SORTED.find_in_sorted(int[],int)","| gin.edit.statement.ReplaceStatement quixbugs/faulty_programs/FIND_IN_SORTED.java:28 -> quixbugs/faulty_programs/FIND_IN_SORTED.java:104 | gin.edit.statement.SwapStatement quixbugs/faulty_programs/FIND_IN_SORTED.java:104 <-> quixbugs/faulty_programs/FIND_IN_SORTED.java:103 | gin.edit.modifynode.SwapExpression quixbugs/faulty_programs/FIND_IN_SORTED.java:111 <-> quixbugs/faulty_programs/FIND_IN_SORTED.java:105 | gin.edit.modifynode.ReplaceExpression quixbugs/faulty_programs/FIND_IN_SORTED.java:29 -> quixbugs/faulty_programs/FIND_IN_SORTED.java:105 | gin.edit.statement.ReplaceStatement quixbugs/faulty_programs/FIND_IN_SORTED.java:56 -> quixbugs/faulty_programs/FIND_IN_SORTED.java:103 |","false","false","0.0","0.0","-5.0"
"faulty_programs.FIND_IN_SORTED.faulty_programs.FIND_IN_SORTED.find_in_sorted(int[],int)","| gin.edit.statement.SwapStatement quixbugs/faulty_programs/FIND_IN_SORTED.java:104 <-> quixbugs/faulty_programs/FIND_IN_SORTED.java:104 | gin.edit.statement.ReplaceStatement quixbugs/faulty_programs/FIND_IN_SORTED.java:28 -> quixbugs/faulty_programs/FIND_IN_SORTED.java:103 | gin.edit.modifynode.ReplaceExpression quixbugs/faulty_programs/FIND_IN_SORTED.java:29 -> quixbugs/faulty_programs/FIND_IN_SORTED.java:105 | gin.edit.modifynode.SwapExpression quixbugs/faulty_programs/FIND_IN_SORTED.java:111 <-> quixbugs/faulty_programs/FIND_IN_SORTED.java:105 | gin.edit.statement.CopyStatement quixbugs/faulty_programs/FIND_IN_SORTED.java:28 -> quixbugs/faulty_programs/FIND_IN_SORTED.java:103:103 |","false","false","0.0","0.0","-5.0"
"faulty_programs.FIND_IN_SORTED.faulty_programs.FIND_IN_SORTED.find_in_sorted(int[],int)","| gin.edit.statement.ReplaceStatement quixbugs/faulty_programs/FIND_IN_SORTED.java:27 -> quixbugs/faulty_programs/FIND_IN_SORTED.java:103 | gin.edit.modifynode.ReplaceExpression quixbugs/faulty_programs/FIND_IN_SORTED.java:52 -> quixbugs/faulty_programs/FIND_IN_SORTED.java:113 | gin.edit.statement.ReplaceStatement quixbugs/faulty_programs/FIND_IN_SORTED.java:28 -> quixbugs/faulty_programs/FIND_IN_SORTED.java:103 | gin.edit.statement.ReplaceStatement quixbugs/faulty_programs/FIND_IN_SORTED.java:28 -> quixbugs/faulty_programs/FIND_IN_SORTED.java:104 | gin.edit.modifynode.ReplaceExpression quixbugs/faulty_programs/FIND_IN_SORTED.java:48 -> quixbugs/faulty_programs/FIND_IN_SORTED.java:107 | gin.edit.statement.ReplaceStatement quixbugs/faulty_programs/FIND_IN_SORTED.java:31 -> quixbugs/faulty_programs/FIND_IN_SORTED.java:103 | gin.edit.statement.DeleteStatement quixbugs/faulty_programs/FIND_IN_SORTED.java:103 |","true","false","1.569977","11.0","6.0"
"faulty_programs.FIND_IN_SORTED.faulty_programs.FIND_IN_SORTED.find_in_sorted(int[],int)","| gin.edit.statement.SwapStatement quixbugs/faulty_programs/FIND_IN_SORTED.java:104 <-> quixbugs/faulty_programs/FIND_IN_SORTED.java:104 | gin.edit.statement.SwapStatement quixbugs/faulty_programs/FIND_IN_SORTED.java:104 <-> quixbugs/faulty_programs/FIND_IN_SORTED.java:104 | gin.edit.modifynode.ReplaceExpression quixbugs/faulty_programs/FIND_IN_SORTED.java:52 -> quixbugs/faulty_programs/FIND_IN_SORTED.java:113 | gin.edit.statement.ReplaceStatement quixbugs/faulty_programs/FIND_IN_SORTED.java:28 -> quixbugs/faulty_programs/FIND_IN_SORTED.java:104 | gin.edit.statement.SwapStatement quixbugs/faulty_programs/FIND_IN_SORTED.java:103 <-> quixbugs/faulty_programs/FIND_IN_SORTED.java:103 | gin.edit.statement.CopyStatement quixbugs/faulty_programs/FIND_IN_SORTED.java:20 -> quixbugs/faulty_programs/FIND_IN_SORTED.java:103:104 | gin.edit.statement.CopyStatement quixbugs/faulty_programs/FIND_IN_SORTED.java:78 -> quixbugs/faulty_programs/FIND_IN_SORTED.java:103:104 |","true","false","1.833936","11.0","6.0"
"faulty_programs.FIND_IN_SORTED.faulty_programs.FIND_IN_SORTED.find_in_sorted(int[],int)","| gin.edit.statement.ReplaceStatement quixbugs/faulty_programs/FIND_IN_SORTED.java:27 -> quixbugs/faulty_programs/FIND_IN_SORTED.java:103 | gin.edit.statement.ReplaceStatement quixbugs/faulty_programs/FIND_IN_SORTED.java:28 -> quixbugs/faulty_programs/FIND_IN_SORTED.java:103 | gin.edit.statement.ReplaceStatement quixbugs/faulty_programs/FIND_IN_SORTED.java:28 -> quixbugs/faulty_programs/FIND_IN_SORTED.java:104 | gin.edit.statement.ReplaceStatement quixbugs/faulty_programs/FIND_IN_SORTED.java:31 -> quixbugs/faulty_programs/FIND_IN_SORTED.java:103 | gin.edit.statement.SwapStatement quixbugs/faulty_programs/FIND_IN_SORTED.java:104 <-> quixbugs/faulty_programs/FIND_IN_SORTED.java:104 | gin.edit.statement.SwapStatement quixbugs/faulty_programs/FIND_IN_SORTED.java:103 <-> quixbugs/faulty_programs/FIND_IN_SORTED.java:103 | gin.edit.statement.CopyStatement quixbugs/faulty_programs/FIND_IN_SORTED.java:20 -> quixbugs/faulty_programs/FIND_IN_SORTED.java:103:104 | gin.edit.statement.ReplaceStatement quixbugs/faulty_programs/FIND_IN_SORTED.java:104 -> quixbugs/faulty_programs/FIND_IN_SORTED.java:104 |","true","false","1.659211","11.0","6.0"
"faulty_programs.FIND_IN_SORTED.faulty_programs.FIND_IN_SORTED.find_in_sorted(int[],int)","| gin.edit.statement.SwapStatement quixbugs/faulty_programs/FIND_IN_SORTED.java:104 <-> quixbugs/faulty_programs/FIND_IN_SORTED.java:104 | gin.edit.statement.ReplaceStatement quixbugs/faulty_programs/FIND_IN_SORTED.java:28 -> quixbugs/faulty_programs/FIND_IN_SORTED.java:104 | gin.edit.statement.CopyStatement quixbugs/faulty_programs/FIND_IN_SORTED.java:20 -> quixbugs/faulty_programs/FIND_IN_SORTED.java:103:104 | gin.edit.statement.ReplaceStatement quixbugs/faulty_programs/FIND_IN_SORTED.java:27 -> quixbugs/faulty_programs/FIND_IN_SORTED.java:103 | gin.edit.statement.ReplaceStatement quixbugs/faulty_programs/FIND_IN_SORTED.java:28 -> quixbugs/faulty_programs/FIND_IN_SORTED.java:104 |","true","false","1.609828","11.0","6.0"
"faulty_programs.FIND_IN_SORTED.faulty_programs.FIND_IN_SORTED.find_in_sorted(int[],int)","| gin.edit.statement.ReplaceStatement quixbugs/faulty_programs/FIND_IN_SORTED.java:20 -> quixbugs/faulty_programs/FIND_IN_SORTED.java:104 | gin.edit.statement.ReplaceStatement quixbugs/faulty_programs/FIND_IN_SORTED.java:21 -> quixbugs/faulty_programs/FIND_IN_SORTED.java:104 | gin.edit.statement.SwapStatement quixbugs/faulty_programs/FIND_IN_SORTED.java:104 <-> quixbugs/faulty_programs/FIND_IN_SORTED.java:104 | gin.edit.statement.ReplaceStatement quixbugs/faulty_programs/FIND_IN_SORTED.java:27 -> quixbugs/faulty_programs/FIND_IN_SORTED.java:103 | gin.edit.statement.DeleteStatement quixbugs/faulty_programs/FIND_IN_SORTED.java:103 | gin.edit.statement.SwapStatement quixbugs/faulty_programs/FIND_IN_SORTED.java:104 <-> quixbugs/faulty_programs/FIND_IN_SORTED.java:104 | gin.edit.statement.ReplaceStatement quixbugs/faulty_programs/FIND_IN_SORTED.java:28 -> quixbugs/faulty_programs/FIND_IN_SORTED.java:104 | gin.edit.statement.CopyStatement quixbugs/faulty_programs/FIND_IN_SORTED.java:89 -> quixbugs/faulty_programs/FIND_IN_SORTED.java:103:104 | gin.edit.statement.DeleteStatement quixbugs/faulty_programs/FIND_IN_SORTED.java:104 | gin.edit.modifynode.SwapExpression quixbugs/faulty_programs/FIND_IN_SORTED.java:107 <-> quixbugs/faulty_programs/FIND_IN_SORTED.java:113 |","true","false","1.726116","11.0","6.0"
"faulty_programs.FIND_IN_SORTED.faulty_programs.FIND_IN_SORTED.find_in_sorted(int[],int)","| gin.edit.statement.SwapStatement quixbugs/faulty_programs/FIND_IN_SORTED.java:104 <-> quixbugs/faulty_programs/FIND_IN_SORTED.java:104 | gin.edit.modifynode.ReplaceExpression quixbugs/faulty_programs/FIND_IN_SORTED.java:29 -> quixbugs/faulty_programs/FIND_IN_SORTED.java:105 | gin.edit.modifynode.SwapExpression quixbugs/faulty_programs/FIND_IN_SORTED.java:112 <-> quixbugs/faulty_programs/FIND_IN_SORTED.java:109 | gin.edit.statement.SwapStatement quixbugs/faulty_programs/FIND_IN_SORTED.java:104 <-> quixbugs/faulty_programs/FIND_IN_SORTED.java:104 | gin.edit.modifynode.ReplaceExpression quixbugs/faulty_programs/FIND_IN_SORTED.java:52 -> quixbugs/faulty_programs/FIND_IN_SORTED.java:113 | gin.edit.statement.CopyStatement quixbugs/faulty_programs/FIND_IN_SORTED.java:31 -> quixbugs/faulty_programs/FIND_IN_SORTED.java:103:103 |","false","false","0.0","0.0","-5.0"
"faulty_programs.FIND_IN_SORTED.faulty_programs.FIND_IN_SORTED.find_in_sorted(int[],int)","| gin.edit.statement.ReplaceStatement quixbugs/faulty_programs/FIND_IN_SORTED.java:20 -> quixbugs/faulty_programs/FIND_IN_SORTED.java:104 | gin.edit.statement.SwapStatement quixbugs/faulty_programs/FIND_IN_SORTED.java:104 <-> quixbugs/faulty_programs/FIND_IN_SORTED.java:104 | gin.edit.statement.SwapStatement quixbugs/faulty_programs/FIND_IN_SORTED.java:104 <-> quixbugs/faulty_programs/FIND_IN_SORTED.java:104 | gin.edit.modifynode.ReplaceExpression quixbugs/faulty_programs/FIND_IN_SORTED.java:29 -> quixbugs/faulty_programs/FIND_IN_SORTED.java:105 | gin.edit.modifynode.ReplaceExpression quixbugs/faulty_programs/FIND_IN_SORTED.java:52 -> quixbugs/faulty_programs/FIND_IN_SORTED.java:113 | gin.edit.statement.CopyStatement quixbugs/faulty_programs/FIND_IN_SORTED.java:47 -> quixbugs/faulty_programs/FIND_IN_SORTED.java:103:104 |","false","false","0.0","0.0","-5.0"
"faulty_programs.FIND_IN_SORTED.faulty_programs.FIND_IN_SORTED.find_in_sorted(int[],int)","| gin.edit.modifynode.ReplaceExpression quixbugs/faulty_programs/FIND_IN_SORTED.java:29 -> quixbugs/faulty_programs/FIND_IN_SORTED.java:105 | gin.edit.statement.SwapStatement quixbugs/faulty_programs/FIND_IN_SORTED.java:104 <-> quixbugs/faulty_programs/FIND_IN_SORTED.java:104 | gin.edit.modifynode.ReplaceExpression quixbugs/faulty_programs/FIND_IN_SORTED.java:52 -> quixbugs/faulty_programs/FIND_IN_SORTED.java:113 | gin.edit.statement.ReplaceStatement quixbugs/faulty_programs/FIND_IN_SORTED.java:27 -> quixbugs/faulty_programs/FIND_IN_SORTED.java:103 | gin.edit.statement.SwapStatement quixbugs/faulty_programs/FIND_IN_SORTED.java:104 <-> quixbugs/faulty_programs/FIND_IN_SORTED.java:104 | gin.edit.statement.ReplaceStatement quixbugs/faulty_programs/FIND_IN_SORTED.java:28 -> quixbugs/faulty_programs/FIND_IN_SORTED.java:104 | gin.edit.statement.ReplaceStatement quixbugs/faulty_programs/FIND_IN_SORTED.java:78 -> quixbugs/faulty_programs/FIND_IN_SORTED.java:103 |","true","false","1.613171","11.0","6.0"
"faulty_programs.FIND_IN_SORTED.faulty_programs.FIND_IN_SORTED.find_in_sorted(int[],int)","| gin.edit.statement.SwapStatement quixbugs/faulty_programs/FIND_IN_SORTED.java:104 <-> quixbugs/faulty_programs/FIND_IN_SORTED.java:104 | gin.edit.modifynode.ReplaceExpression quixbugs/faulty_programs/FIND_IN_SORTED.java:52 -> quixbugs/faulty_programs/FIND_IN_SORTED.java:113 | gin.edit.statement.ReplaceStatement quixbugs/faulty_programs/FIND_IN_SORTED.java:28 -> quixbugs/faulty_programs/FIND_IN_SORTED.java:104 | gin.edit.modifynode.SwapExpression quixbugs/faulty_programs/FIND_IN_SORTED.java:111 <-> quixbugs/faulty_programs/FIND_IN_SORTED.java:111 | gin.edit.statement.SwapStatement quixbugs/faulty_programs/FIND_IN_SORTED.java:103 <-> quixbugs/faulty_programs/FIND_IN_SORTED.java:103 | gin.edit.statement.SwapStatement quixbugs/faulty_programs/FIND_IN_SORTED.java:103 <-> quixbugs/faulty_programs/FIND_IN_SORTED.java:103 | gin.edit.modifynode.ReplaceExpression quixbugs/faulty_programs/FIND_IN_SORTED.java:64 -> quixbugs/faulty_programs/FIND_IN_SORTED.java:112 |","true","false","1.586196","11.0","6.0"
"faulty_programs.FIND_IN_SORTED.faulty_programs.FIND_IN_SORTED.find_in_sorted(int[],int)","| gin.edit.statement.ReplaceStatement quixbugs/faulty_programs/FIND_IN_SORTED.java:20 -> quixbugs/faulty_programs/FIND_IN_SORTED.java:104 | gin.edit.statement.ReplaceStatement quixbugs/faulty_programs/FIND_IN_SORTED.java:21 -> quixbugs/faulty_programs/FIND_IN_SORTED.java:104 | gin.edit.statement.SwapStatement quixbugs/faulty_programs/FIND_IN_SORTED.java:104 <-> quixbugs/faulty_programs/FIND_IN_SORTED.java:104 | gin.edit.statement.ReplaceStatement quixbugs/faulty_programs/FIND_IN_SORTED.java:27 -> quixbugs/faulty_programs/FIND_IN_SORTED.java:103 | gin.edit.statement.DeleteStatement quixbugs/faulty_programs/FIND_IN_SORTED.java:103 | gin.edit.statement.SwapStatement quixbugs/faulty_programs/FIND_IN_SORTED.java:104 <-> quixbugs/faulty_programs/FIND_IN_SORTED.java:104 | gin.edit.statement.ReplaceStatement quixbugs/faulty_programs/FIND_IN_SORTED.java:28 -> quixbugs/faulty_programs/FIND_IN_SORTED.java:104 | gin.edit.statement.CopyStatement quixbugs/faulty_programs/FIND_IN_SORTED.java:89 -> quixbugs/faulty_programs/FIND_IN_SORTED.java:103:104 | gin.edit.statement.DeleteStatement quixbugs/faulty_programs/FIND_IN_SORTED.java:104 | gin.edit.statement.ReplaceStatement quixbugs/faulty_programs/FIND_IN_SORTED.java:27 -> quixbugs/faulty_programs/FIND_IN_SORTED.java:103 |","true","false","1.622404","11.0","6.0"
"faulty_programs.FIND_IN_SORTED.faulty_programs.FIND_IN_SORTED.find_in_sorted(int[],int)","| gin.edit.statement.SwapStatement quixbugs/faulty_programs/FIND_IN_SORTED.java:104 <-> quixbugs/faulty_programs/FIND_IN_SORTED.java:104 | gin.edit.modifynode.ReplaceExpression quixbugs/faulty_programs/FIND_IN_SORTED.java:52 -> quixbugs/faulty_programs/FIND_IN_SORTED.java:113 | gin.edit.modifynode.SwapExpression quixbugs/faulty_programs/FIND_IN_SORTED.java:111 <-> quixbugs/faulty_programs/FIND_IN_SORTED.java:111 | gin.edit.statement.SwapStatement quixbugs/faulty_programs/FIND_IN_SORTED.java:103 <-> quixbugs/faulty_programs/FIND_IN_SORTED.java:103 | gin.edit.statement.ReplaceStatement quixbugs/faulty_programs/FIND_IN_SORTED.java:20 -> quixbugs/faulty_programs/FIND_IN_SORTED.java:104 | gin.edit.statement.SwapStatement quixbugs/faulty_programs/FIND_IN_SORTED.java:104 <-> quixbugs/faulty_programs/FIND_IN_SORTED.java:104 | gin.edit.statement.ReplaceStatement quixbugs/faulty_programs/FIND_IN_SORTED.java:27 -> quixbugs/faulty_programs/FIND_IN_SORTED.java:103 | gin.edit.statement.ReplaceStatement quixbugs/faulty_programs/FIND_IN_SORTED.java:28 -> quixbugs/faulty_programs/FIND_IN_SORTED.java:104 | gin.edit.statement.DeleteStatement quixbugs/faulty_programs/FIND_IN_SORTED.java:104 | gin.edit.statement.DeleteStatement quixbugs/faulty_programs/FIND_IN_SORTED.java:103 |","true","false","9.90187","11.0","6.0"
"faulty_programs.FIND_IN_SORTED.faulty_programs.FIND_IN_SORTED.find_in_sorted(int[],int)","| gin.edit.statement.ReplaceStatement quixbugs/faulty_programs/FIND_IN_SORTED.java:21 -> quixbugs/faulty_programs/FIND_IN_SORTED.java:104 | gin.edit.statement.SwapStatement quixbugs/faulty_programs/FIND_IN_SORTED.java:104 <-> quixbugs/faulty_programs/FIND_IN_SORTED.java:104 | gin.edit.statement.SwapStatement quixbugs/faulty_programs/FIND_IN_SORTED.java:104 <-> quixbugs/faulty_programs/FIND_IN_SORTED.java:104 | gin.edit.statement.ReplaceStatement quixbugs/faulty_programs/FIND_IN_SORTED.java:28 -> quixbugs/faulty_programs/FIND_IN_SORTED.java:104 | gin.edit.statement.DeleteStatement quixbugs/faulty_programs/FIND_IN_SORTED.java:104 | gin.edit.statement.SwapStatement quixbugs/faulty_programs/FIND_IN_SORTED.java:104 <-> quixbugs/faulty_programs/FIND_IN_SORTED.java:104 | gin.edit.modifynode.ReplaceExpression quixbugs/faulty_programs/FIND_IN_SORTED.java:52 -> quixbugs/faulty_programs/FIND_IN_SORTED.java:113 | gin.edit.statement.SwapStatement quixbugs/faulty_programs/FIND_IN_SORTED.java:103 <-> quixbugs/faulty_programs/FIND_IN_SORTED.java:103 | gin.edit.statement.SwapStatement quixbugs/faulty_programs/FIND_IN_SORTED.java:103 <-> quixbugs/faulty_programs/FIND_IN_SORTED.java:103 | gin.edit.statement.ReplaceStatement quixbugs/faulty_programs/FIND_IN_SORTED.java:56 -> quixbugs/faulty_programs/FIND_IN_SORTED.java:104 |","false","false","0.0","0.0","-5.0"
"faulty_programs.FIND_IN_SORTED.faulty_programs.FIND_IN_SORTED.find_in_sorted(int[],int)","| gin.edit.modifynode.SwapExpression quixbugs/faulty_programs/FIND_IN_SORTED.java:105 <-> quixbugs/faulty_programs/FIND_IN_SORTED.java:113 | gin.edit.statement.ReplaceStatement quixbugs/faulty_programs/FIND_IN_SORTED.java:27 -> quixbugs/faulty_programs/FIND_IN_SORTED.java:103 | gin.edit.modifynode.ReplaceExpression quixbugs/faulty_programs/FIND_IN_SORTED.java:52 -> quixbugs/faulty_programs/FIND_IN_SORTED.java:113 | gin.edit.statement.ReplaceStatement quixbugs/faulty_programs/FIND_IN_SORTED.java:27 -> quixbugs/faulty_programs/FIND_IN_SORTED.java:103 | gin.edit.modifynode.ReplaceExpression quixbugs/faulty_programs/FIND_IN_SORTED.java:52 -> quixbugs/faulty_programs/FIND_IN_SORTED.java:113 | gin.edit.statement.ReplaceStatement quixbugs/faulty_programs/FIND_IN_SORTED.java:28 -> quixbugs/faulty_programs/FIND_IN_SORTED.java:103 | gin.edit.statement.ReplaceStatement quixbugs/faulty_programs/FIND_IN_SORTED.java:28 -> quixbugs/faulty_programs/FIND_IN_SORTED.java:104 | gin.edit.modifynode.SwapExpression quixbugs/faulty_programs/FIND_IN_SORTED.java:113 <-> quixbugs/faulty_programs/FIND_IN_SORTED.java:107 |","true","false","1.590986","11.0","6.0"
"faulty_programs.FIND_IN_SORTED.faulty_programs.FIND_IN_SORTED.find_in_sorted(int[],int)","| gin.edit.statement.SwapStatement quixbugs/faulty_programs/FIND_IN_SORTED.java:104 <-> quixbugs/faulty_programs/FIND_IN_SORTED.java:104 | gin.edit.statement.SwapStatement quixbugs/faulty_programs/FIND_IN_SORTED.java:104 <-> quixbugs/faulty_programs/FIND_IN_SORTED.java:104 | gin.edit.statement.ReplaceStatement quixbugs/faulty_programs/FIND_IN_SORTED.java:28 -> quixbugs/faulty_programs/FIND_IN_SORTED.java:104 | gin.edit.statement.CopyStatement quixbugs/faulty_programs/FIND_IN_SORTED.java:89 -> quixbugs/faulty_programs/FIND_IN_SORTED.java:103:104 | gin.edit.statement.SwapStatement quixbugs/faulty_programs/FIND_IN_SORTED.java:104 <-> quixbugs/faulty_programs/FIND_IN_SORTED.java:103 | gin.edit.statement.SwapStatement quixbugs/faulty_programs/FIND_IN_SORTED.java:104 <-> quixbugs/faulty_programs/FIND_IN_SORTED.java:103 |","true","false","1.62109","11.0","6.0"
"faulty_programs.FIND_IN_SORTED.faulty_programs.FIND_IN_SORTED.find_in_sorted(int[],int)","| gin.edit.modifynode.SwapExpression quixbugs/faulty_programs/FIND_IN_SORTED.java:105 <-> quixbugs/faulty_programs/FIND_IN_SORTED.java:113 | gin.edit.modifynode.ReplaceExpression quixbugs/faulty_programs/FIND_IN_SORTED.java:52 -> quixbugs/faulty_programs/FIND_IN_SORTED.java:113 | gin.edit.statement.ReplaceStatement quixbugs/faulty_programs/FIND_IN_SORTED.java:27 -> quixbugs/faulty_programs/FIND_IN_SORTED.java:103 | gin.edit.statement.ReplaceStatement quixbugs/faulty_programs/FIND_IN_SORTED.java:28 -> quixbugs/faulty_programs/FIND_IN_SORTED.java:104 | gin.edit.statement.SwapStatement quixbugs/faulty_programs/FIND_IN_SORTED.java:104 <-> quixbugs/faulty_programs/FIND_IN_SORTED.java:104 | gin.edit.statement.SwapStatement quixbugs/faulty_programs/FIND_IN_SORTED.java:104 <-> quixbugs/faulty_programs/FIND_IN_SORTED.java:104 | gin.edit.statement.ReplaceStatement quixbugs/faulty_programs/FIND_IN_SORTED.java:28 -> quixbugs/faulty_programs/FIND_IN_SORTED.java:104 | gin.edit.statement.SwapStatement quixbugs/faulty_programs/FIND_IN_SORTED.java:104 <-> quixbugs/faulty_programs/FIND_IN_SORTED.java:103 | gin.edit.statement.CopyStatement quixbugs/faulty_programs/FIND_IN_SORTED.java:104 -> quixbugs/faulty_programs/FIND_IN_SORTED.java:103:104 |","true","false","1.66807","11.0","6.0"
"faulty_programs.FIND_IN_SORTED.faulty_programs.FIND_IN_SORTED.find_in_sorted(int[],int)","| gin.edit.statement.SwapStatement quixbugs/faulty_programs/FIND_IN_SORTED.java:104 <-> quixbugs/faulty_programs/FIND_IN_SORTED.java:104 | gin.edit.statement.SwapStatement quixbugs/faulty_programs/FIND_IN_SORTED.java:104 <-> quixbugs/faulty_programs/FIND_IN_SORTED.java:104 | gin.edit.statement.ReplaceStatement quixbugs/faulty_programs/FIND_IN_SORTED.java:28 -> quixbugs/faulty_programs/FIND_IN_SORTED.java:104 | gin.edit.statement.CopyStatement quixbugs/faulty_programs/FIND_IN_SORTED.java:89 -> quixbugs/faulty_programs/FIND_IN_SORTED.java:103:104 | gin.edit.statement.SwapStatement quixbugs/faulty_programs/FIND_IN_SORTED.java:104 <-> quixbugs/faulty_programs/FIND_IN_SORTED.java:103 | gin.edit.modifynode.SwapExpression quixbugs/faulty_programs/FIND_IN_SORTED.java:105 <-> quixbugs/faulty_programs/FIND_IN_SORTED.java:113 | gin.edit.statement.ReplaceStatement quixbugs/faulty_programs/FIND_IN_SORTED.java:27 -> quixbugs/faulty_programs/FIND_IN_SORTED.java:103 | gin.edit.statement.ReplaceStatement quixbugs/faulty_programs/FIND_IN_SORTED.java:28 -> quixbugs/faulty_programs/FIND_IN_SORTED.java:104 | gin.edit.modifynode.SwapExpression quixbugs/faulty_programs/FIND_IN_SORTED.java:105 <-> quixbugs/faulty_programs/FIND_IN_SORTED.java:105 |","true","false","1.87044","11.0","6.0"
"faulty_programs.FIND_IN_SORTED.faulty_programs.FIND_IN_SORTED.find_in_sorted(int[],int)","| gin.edit.modifynode.SwapExpression quixbugs/faulty_programs/FIND_IN_SORTED.java:105 <-> quixbugs/faulty_programs/FIND_IN_SORTED.java:113 | gin.edit.statement.ReplaceStatement quixbugs/faulty_programs/FIND_IN_SORTED.java:27 -> quixbugs/faulty_programs/FIND_IN_SORTED.java:103 | gin.edit.modifynode.ReplaceExpression quixbugs/faulty_programs/FIND_IN_SORTED.java:52 -> quixbugs/faulty_programs/FIND_IN_SORTED.java:113 | gin.edit.statement.ReplaceStatement quixbugs/faulty_programs/FIND_IN_SORTED.java:27 -> quixbugs/faulty_programs/FIND_IN_SORTED.java:103 | gin.edit.modifynode.ReplaceExpression quixbugs/faulty_programs/FIND_IN_SORTED.java:52 -> quixbugs/faulty_programs/FIND_IN_SORTED.java:113 | gin.edit.statement.ReplaceStatement quixbugs/faulty_programs/FIND_IN_SORTED.java:28 -> quixbugs/faulty_programs/FIND_IN_SORTED.java:103 | gin.edit.statement.ReplaceStatement quixbugs/faulty_programs/FIND_IN_SORTED.java:28 -> quixbugs/faulty_programs/FIND_IN_SORTED.java:104 | gin.edit.modifynode.SwapExpression quixbugs/faulty_programs/FIND_IN_SORTED.java:113 <-> quixbugs/faulty_programs/FIND_IN_SORTED.java:107 |","true","false","1.601536","11.0","6.0"
"faulty_programs.FIND_IN_SORTED.faulty_programs.FIND_IN_SORTED.find_in_sorted(int[],int)","| gin.edit.statement.ReplaceStatement quixbugs/faulty_programs/FIND_IN_SORTED.java:28 -> quixbugs/faulty_programs/FIND_IN_SORTED.java:104 | gin.edit.modifynode.ReplaceExpression quixbugs/faulty_programs/FIND_IN_SORTED.java:81 -> quixbugs/faulty_programs/FIND_IN_SORTED.java:111 | gin.edit.statement.ReplaceStatement quixbugs/faulty_programs/FIND_IN_SORTED.java:28 -> quixbugs/faulty_programs/FIND_IN_SORTED.java:104 | gin.edit.statement.ReplaceStatement quixbugs/faulty_programs/FIND_IN_SORTED.java:27 -> quixbugs/faulty_programs/FIND_IN_SORTED.java:104 | gin.edit.statement.CopyStatement quixbugs/faulty_programs/FIND_IN_SORTED.java:31 -> quixbugs/faulty_programs/FIND_IN_SORTED.java:103:103 |","false","false","0.0","0.0","-5.0"
"faulty_programs.FIND_IN_SORTED.faulty_programs.FIND_IN_SORTED.find_in_sorted(int[],int)","| gin.edit.statement.ReplaceStatement quixbugs/faulty_programs/FIND_IN_SORTED.java:27 -> quixbugs/faulty_programs/FIND_IN_SORTED.java:103 | gin.edit.modifynode.ReplaceExpression quixbugs/faulty_programs/FIND_IN_SORTED.java:52 -> quixbugs/faulty_programs/FIND_IN_SORTED.java:113 | gin.edit.statement.ReplaceStatement quixbugs/faulty_programs/FIND_IN_SORTED.java:28 -> quixbugs/faulty_programs/FIND_IN_SORTED.java:103 | gin.edit.statement.ReplaceStatement quixbugs/faulty_programs/FIND_IN_SORTED.java:28 -> quixbugs/faulty_programs/FIND_IN_SORTED.java:104 | gin.edit.modifynode.ReplaceExpression quixbugs/faulty_programs/FIND_IN_SORTED.java:81 -> quixbugs/faulty_programs/FIND_IN_SORTED.java:111 | gin.edit.statement.ReplaceStatement quixbugs/faulty_programs/FIND_IN_SORTED.java:28 -> quixbugs/faulty_programs/FIND_IN_SORTED.java:104 | gin.edit.statement.ReplaceStatement quixbugs/faulty_programs/FIND_IN_SORTED.java:27 -> quixbugs/faulty_programs/FIND_IN_SORTED.java:104 | gin.edit.statement.CopyStatement quixbugs/faulty_programs/FIND_IN_SORTED.java:89 -> quixbugs/faulty_programs/FIND_IN_SORTED.java:103:103 |","true","false","1.669858","11.0","6.0"
"faulty_programs.FIND_IN_SORTED.faulty_programs.FIND_IN_SORTED.find_in_sorted(int[],int)","| gin.edit.statement.ReplaceStatement quixbugs/faulty_programs/FIND_IN_SORTED.java:28 -> quixbugs/faulty_programs/FIND_IN_SORTED.java:104 | gin.edit.statement.ReplaceStatement quixbugs/faulty_programs/FIND_IN_SORTED.java:28 -> quixbugs/faulty_programs/FIND_IN_SORTED.java:104 | gin.edit.statement.ReplaceStatement quixbugs/faulty_programs/FIND_IN_SORTED.java:27 -> quixbugs/faulty_programs/FIND_IN_SORTED.java:104 | gin.edit.modifynode.ReplaceExpression quixbugs/faulty_programs/FIND_IN_SORTED.java:52 -> quixbugs/faulty_programs/FIND_IN_SORTED.java:113 | gin.edit.modifynode.ReplaceExpression quixbugs/faulty_programs/FIND_IN_SORTED.java:52 -> quixbugs/faulty_programs/FIND_IN_SORTED.java:113 | gin.edit.statement.ReplaceStatement quixbugs/faulty_programs/FIND_IN_SORTED.java:28 -> quixbugs/faulty_programs/FIND_IN_SORTED.java:103 | gin.edit.statement.ReplaceStatement quixbugs/faulty_programs/FIND_IN_SORTED.java:28 -> quixbugs/faulty_programs/FIND_IN_SORTED.java:104 | gin.edit.statement.ReplaceStatement quixbugs/faulty_programs/FIND_IN_SORTED.java:77 -> quixbugs/faulty_programs/FIND_IN_SORTED.java:103 |","false","false","0.0","0.0","-5.0"
"faulty_programs.FIND_IN_SORTED.faulty_programs.FIND_IN_SORTED.find_in_sorted(int[],int)","| gin.edit.statement.ReplaceStatement quixbugs/faulty_programs/FIND_IN_SORTED.java:27 -> quixbugs/faulty_programs/FIND_IN_SORTED.java:104 | gin.edit.statement.ReplaceStatement quixbugs/faulty_programs/FIND_IN_SORTED.java:28 -> quixbugs/faulty_programs/FIND_IN_SORTED.java:104 | gin.edit.statement.SwapStatement quixbugs/faulty_programs/FIND_IN_SORTED.java:104 <-> quixbugs/faulty_programs/FIND_IN_SORTED.java:103 | gin.edit.statement.ReplaceStatement quixbugs/faulty_programs/FIND_IN_SORTED.java:47 -> quixbugs/faulty_programs/FIND_IN_SORTED.java:104 | gin.edit.statement.SwapStatement quixbugs/faulty_programs/FIND_IN_SORTED.java:103 <-> quixbugs/faulty_programs/FIND_IN_SORTED.java:104 | gin.edit.statement.CopyStatement quixbugs/faulty_programs/FIND_IN_SORTED.java:104 -> quixbugs/faulty_programs/FIND_IN_SORTED.java:103:104 |","true","false","1.782546","11.0","6.0"
"faulty_programs.FIND_IN_SORTED.faulty_programs.FIND_IN_SORTED.find_in_sorted(int[],int)","| gin.edit.statement.ReplaceStatement quixbugs/faulty_programs/FIND_IN_SORTED.java:28 -> quixbugs/faulty_programs/FIND_IN_SORTED.java:104 | gin.edit.statement.SwapStatement quixbugs/faulty_programs/FIND_IN_SORTED.java:104 <-> quixbugs/faulty_programs/FIND_IN_SORTED.java:103 | gin.edit.statement.ReplaceStatement quixbugs/faulty_programs/FIND_IN_SORTED.java:47 -> quixbugs/faulty_programs/FIND_IN_SORTED.java:104 | gin.edit.statement.SwapStatement quixbugs/faulty_programs/FIND_IN_SORTED.java:103 <-> quixbugs/faulty_programs/FIND_IN_SORTED.java:104 | gin.edit.statement.SwapStatement quixbugs/faulty_programs/FIND_IN_SORTED.java:103 <-> quixbugs/faulty_programs/FIND_IN_SORTED.java:104 | gin.edit.statement.CopyStatement quixbugs/faulty_programs/FIND_IN_SORTED.java:56 -> quixbugs/faulty_programs/FIND_IN_SORTED.java:103:103 |","false","false","0.0","0.0","-5.0"
"faulty_programs.FIND_IN_SORTED.faulty_programs.FIND_IN_SORTED.find_in_sorted(int[],int)","| gin.edit.statement.ReplaceStatement quixbugs/faulty_programs/FIND_IN_SORTED.java:27 -> quixbugs/faulty_programs/FIND_IN_SORTED.java:104 | gin.edit.statement.ReplaceStatement quixbugs/faulty_programs/FIND_IN_SORTED.java:28 -> quixbugs/faulty_programs/FIND_IN_SORTED.java:104 | gin.edit.statement.CopyStatement quixbugs/faulty_programs/FIND_IN_SORTED.java:104 -> quixbugs/faulty_programs/FIND_IN_SORTED.java:103:104 | gin.edit.statement.ReplaceStatement quixbugs/faulty_programs/FIND_IN_SORTED.java:28 -> quixbugs/faulty_programs/FIND_IN_SORTED.java:104 | gin.edit.statement.SwapStatement quixbugs/faulty_programs/FIND_IN_SORTED.java:104 <-> quixbugs/faulty_programs/FIND_IN_SORTED.java:103 | gin.edit.statement.DeleteStatement quixbugs/faulty_programs/FIND_IN_SORTED.java:104 |","true","false","1.547424","11.0","6.0"
"faulty_programs.FIND_IN_SORTED.faulty_programs.FIND_IN_SORTED.find_in_sorted(int[],int)","| gin.edit.statement.SwapStatement quixbugs/faulty_programs/FIND_IN_SORTED.java:104 <-> quixbugs/faulty_programs/FIND_IN_SORTED.java:103 | gin.edit.statement.ReplaceStatement quixbugs/faulty_programs/FIND_IN_SORTED.java:28 -> quixbugs/faulty_programs/FIND_IN_SORTED.java:104 | gin.edit.statement.SwapStatement quixbugs/faulty_programs/FIND_IN_SORTED.java:104 <-> quixbugs/faulty_programs/FIND_IN_SORTED.java:103 | gin.edit.statement.ReplaceStatement quixbugs/faulty_programs/FIND_IN_SORTED.java:47 -> quixbugs/faulty_programs/FIND_IN_SORTED.java:104 | gin.edit.statement.SwapStatement quixbugs/faulty_programs/FIND_IN_SORTED.java:103 <-> quixbugs/faulty_programs/FIND_IN_SORTED.java:104 | gin.edit.statement.CopyStatement quixbugs/faulty_programs/FIND_IN_SORTED.java:104 -> quixbugs/faulty_programs/FIND_IN_SORTED.java:103:104 | gin.edit.modifynode.ReplaceExpression quixbugs/faulty_programs/FIND_IN_SORTED.java:79 -> quixbugs/faulty_programs/FIND_IN_SORTED.java:113 |","true","false","0.0","0.0","-5.0"
"faulty_programs.FIND_IN_SORTED.faulty_programs.FIND_IN_SORTED.find_in_sorted(int[],int)","| gin.edit.statement.SwapStatement quixbugs/faulty_programs/FIND_IN_SORTED.java:104 <-> quixbugs/faulty_programs/FIND_IN_SORTED.java:104 | gin.edit.statement.ReplaceStatement quixbugs/faulty_programs/FIND_IN_SORTED.java:20 -> quixbugs/faulty_programs/FIND_IN_SORTED.java:104 | gin.edit.statement.ReplaceStatement quixbugs/faulty_programs/FIND_IN_SORTED.java:21 -> quixbugs/faulty_programs/FIND_IN_SORTED.java:104 | gin.edit.statement.SwapStatement quixbugs/faulty_programs/FIND_IN_SORTED.java:104 <-> quixbugs/faulty_programs/FIND_IN_SORTED.java:104 | gin.edit.statement.ReplaceStatement quixbugs/faulty_programs/FIND_IN_SORTED.java:27 -> quixbugs/faulty_programs/FIND_IN_SORTED.java:103 | gin.edit.modifynode.ReplaceExpression quixbugs/faulty_programs/FIND_IN_SORTED.java:52 -> quixbugs/faulty_programs/FIND_IN_SORTED.java:113 | gin.edit.statement.SwapStatement quixbugs/faulty_programs/FIND_IN_SORTED.java:104 <-> quixbugs/faulty_programs/FIND_IN_SORTED.java:104 | gin.edit.statement.ReplaceStatement quixbugs/faulty_programs/FIND_IN_SORTED.java:68 -> quixbugs/faulty_programs/FIND_IN_SORTED.java:104 | gin.edit.statement.ReplaceStatement quixbugs/faulty_programs/FIND_IN_SORTED.java:90 -> quixbugs/faulty_programs/FIND_IN_SORTED.java:104 |","true","false","1.620165","11.0","6.0"
"faulty_programs.FIND_IN_SORTED.faulty_programs.FIND_IN_SORTED.find_in_sorted(int[],int)","| gin.edit.modifynode.SwapExpression quixbugs/faulty_programs/FIND_IN_SORTED.java:105 <-> quixbugs/faulty_programs/FIND_IN_SORTED.java:113 | gin.edit.modifynode.ReplaceExpression quixbugs/faulty_programs/FIND_IN_SORTED.java:87 -> quixbugs/faulty_programs/FIND_IN_SORTED.java:111 | gin.edit.statement.DeleteStatement quixbugs/faulty_programs/FIND_IN_SORTED.java:104 | gin.edit.statement.SwapStatement quixbugs/faulty_programs/FIND_IN_SORTED.java:104 <-> quixbugs/faulty_programs/FIND_IN_SORTED.java:104 | gin.edit.statement.SwapStatement quixbugs/faulty_programs/FIND_IN_SORTED.java:104 <-> quixbugs/faulty_programs/FIND_IN_SORTED.java:104 | gin.edit.statement.ReplaceStatement quixbugs/faulty_programs/FIND_IN_SORTED.java:27 -> quixbugs/faulty_programs/FIND_IN_SORTED.java:103 | gin.edit.modifynode.ReplaceExpression quixbugs/faulty_programs/FIND_IN_SORTED.java:52 -> quixbugs/faulty_programs/FIND_IN_SORTED.java:113 | gin.edit.statement.ReplaceStatement quixbugs/faulty_programs/FIND_IN_SORTED.java:103 -> quixbugs/faulty_programs/FIND_IN_SORTED.java:104 | gin.edit.statement.SwapStatement quixbugs/faulty_programs/FIND_IN_SORTED.java:103 <-> quixbugs/faulty_programs/FIND_IN_SORTED.java:104 | gin.edit.statement.DeleteStatement quixbugs/faulty_programs/FIND_IN_SORTED.java:103 |","true","false","1.712869","11.0","6.0"
"faulty_programs.FIND_IN_SORTED.faulty_programs.FIND_IN_SORTED.find_in_sorted(int[],int)","| gin.edit.statement.SwapStatement quixbugs/faulty_programs/FIND_IN_SORTED.java:104 <-> quixbugs/faulty_programs/FIND_IN_SORTED.java:104 | gin.edit.statement.ReplaceStatement quixbugs/faulty_programs/FIND_IN_SORTED.java:20 -> quixbugs/faulty_programs/FIND_IN_SORTED.java:104 | gin.edit.statement.ReplaceStatement quixbugs/faulty_programs/FIND_IN_SORTED.java:68 -> quixbugs/faulty_programs/FIND_IN_SORTED.java:104 | gin.edit.modifynode.ReplaceExpression quixbugs/faulty_programs/FIND_IN_SORTED.java:87 -> quixbugs/faulty_programs/FIND_IN_SORTED.java:111 | gin.edit.statement.DeleteStatement quixbugs/faulty_programs/FIND_IN_SORTED.java:104 | gin.edit.statement.SwapStatement quixbugs/faulty_programs/FIND_IN_SORTED.java:104 <-> quixbugs/faulty_programs/FIND_IN_SORTED.java:104 | gin.edit.statement.SwapStatement quixbugs/faulty_programs/FIND_IN_SORTED.java:104 <-> quixbugs/faulty_programs/FIND_IN_SORTED.java:104 | gin.edit.modifynode.ReplaceExpression quixbugs/faulty_programs/FIND_IN_SORTED.java:52 -> quixbugs/faulty_programs/FIND_IN_SORTED.java:113 | gin.edit.statement.ReplaceStatement quixbugs/faulty_programs/FIND_IN_SORTED.java:103 -> quixbugs/faulty_programs/FIND_IN_SORTED.java:104 | gin.edit.modifynode.ReplaceExpression quixbugs/faulty_programs/FIND_IN_SORTED.java:79 -> quixbugs/faulty_programs/FIND_IN_SORTED.java:105 |","false","false","0.0","0.0","-5.0"
"faulty_programs.FIND_IN_SORTED.faulty_programs.FIND_IN_SORTED.find_in_sorted(int[],int)","| gin.edit.modifynode.ReplaceExpression quixbugs/faulty_programs/FIND_IN_SORTED.java:87 -> quixbugs/faulty_programs/FIND_IN_SORTED.java:111 | gin.edit.statement.DeleteStatement quixbugs/faulty_programs/FIND_IN_SORTED.java:104 | gin.edit.statement.SwapStatement quixbugs/faulty_programs/FIND_IN_SORTED.java:104 <-> quixbugs/faulty_programs/FIND_IN_SORTED.java:104 | gin.edit.statement.SwapStatement quixbugs/faulty_programs/FIND_IN_SORTED.java:104 <-> quixbugs/faulty_programs/FIND_IN_SORTED.java:104 | gin.edit.modifynode.ReplaceExpression quixbugs/faulty_programs/FIND_IN_SORTED.java:52 -> quixbugs/faulty_programs/FIND_IN_SORTED.java:113 | gin.edit.statement.ReplaceStatement quixbugs/faulty_programs/FIND_IN_SORTED.java:103 -> quixbugs/faulty_programs/FIND_IN_SORTED.java:104 | gin.edit.statement.SwapStatement quixbugs/faulty_programs/FIND_IN_SORTED.java:104 <-> quixbugs/faulty_programs/FIND_IN_SORTED.java:104 | gin.edit.statement.ReplaceStatement quixbugs/faulty_programs/FIND_IN_SORTED.java:27 -> quixbugs/faulty_programs/FIND_IN_SORTED.java:103 | gin.edit.modifynode.ReplaceExpression quixbugs/faulty_programs/FIND_IN_SORTED.java:52 -> quixbugs/faulty_programs/FIND_IN_SORTED.java:113 | gin.edit.statement.SwapStatement quixbugs/faulty_programs/FIND_IN_SORTED.java:104 <-> quixbugs/faulty_programs/FIND_IN_SORTED.java:104 | gin.edit.statement.ReplaceStatement quixbugs/faulty_programs/FIND_IN_SORTED.java:90 -> quixbugs/faulty_programs/FIND_IN_SORTED.java:104 | gin.edit.modifynode.SwapExpression quixbugs/faulty_programs/FIND_IN_SORTED.java:112 <-> quixbugs/faulty_programs/FIND_IN_SORTED.java:107 |","true","false","12.321546","11.0","6.0"
"faulty_programs.FIND_IN_SORTED.faulty_programs.FIND_IN_SORTED.find_in_sorted(int[],int)","| gin.edit.statement.SwapStatement quixbugs/faulty_programs/FIND_IN_SORTED.java:104 <-> quixbugs/faulty_programs/FIND_IN_SORTED.java:104 | gin.edit.statement.ReplaceStatement quixbugs/faulty_programs/FIND_IN_SORTED.java:20 -> quixbugs/faulty_programs/FIND_IN_SORTED.java:104 | gin.edit.statement.ReplaceStatement quixbugs/faulty_programs/FIND_IN_SORTED.java:21 -> quixbugs/faulty_programs/FIND_IN_SORTED.java:104 | gin.edit.statement.SwapStatement quixbugs/faulty_programs/FIND_IN_SORTED.java:104 <-> quixbugs/faulty_programs/FIND_IN_SORTED.java:104 | gin.edit.statement.ReplaceStatement quixbugs/faulty_programs/FIND_IN_SORTED.java:27 -> quixbugs/faulty_programs/FIND_IN_SORTED.java:103 | gin.edit.modifynode.ReplaceExpression quixbugs/faulty_programs/FIND_IN_SORTED.java:52 -> quixbugs/faulty_programs/FIND_IN_SORTED.java:113 | gin.edit.statement.SwapStatement quixbugs/faulty_programs/FIND_IN_SORTED.java:104 <-> quixbugs/faulty_programs/FIND_IN_SORTED.java:104 | gin.edit.statement.DeleteStatement quixbugs/faulty_programs/FIND_IN_SORTED.java:103 | gin.edit.statement.DeleteStatement quixbugs/faulty_programs/FIND_IN_SORTED.java:103 |","true","false","1.767677","11.0","6.0"
"faulty_programs.FIND_IN_SORTED.faulty_programs.FIND_IN_SORTED.find_in_sorted(int[],int)","| gin.edit.modifynode.SwapExpression quixbugs/faulty_programs/FIND_IN_SORTED.java:105 <-> quixbugs/faulty_programs/FIND_IN_SORTED.java:113 | gin.edit.statement.DeleteStatement quixbugs/faulty_programs/FIND_IN_SORTED.java:104 | gin.edit.statement.ReplaceStatement quixbugs/faulty_programs/FIND_IN_SORTED.java:27 -> quixbugs/faulty_programs/FIND_IN_SORTED.java:103 | gin.edit.statement.ReplaceStatement quixbugs/faulty_programs/FIND_IN_SORTED.java:103 -> quixbugs/faulty_programs/FIND_IN_SORTED.java:104 | gin.edit.statement.ReplaceStatement quixbugs/faulty_programs/FIND_IN_SORTED.java:28 -> quixbugs/faulty_programs/FIND_IN_SORTED.java:104 | gin.edit.statement.SwapStatement quixbugs/faulty_programs/FIND_IN_SORTED.java:104 <-> quixbugs/faulty_programs/FIND_IN_SORTED.java:104 | gin.edit.modifynode.ReplaceExpression quixbugs/faulty_programs/FIND_IN_SORTED.java:52 -> quixbugs/faulty_programs/FIND_IN_SORTED.java:113 | gin.edit.statement.ReplaceStatement quixbugs/faulty_programs/FIND_IN_SORTED.java:28 -> quixbugs/faulty_programs/FIND_IN_SORTED.java:103 | gin.edit.modifynode.ReplaceExpression quixbugs/faulty_programs/FIND_IN_SORTED.java:29 -> quixbugs/faulty_programs/FIND_IN_SORTED.java:105 | gin.edit.modifynode.SwapExpression quixbugs/faulty_programs/FIND_IN_SORTED.java:111 <-> quixbugs/faulty_programs/FIND_IN_SORTED.java:111 | gin.edit.modifynode.ReplaceExpression quixbugs/faulty_programs/FIND_IN_SORTED.java:36 -> quixbugs/faulty_programs/FIND_IN_SORTED.java:105 |","true","false","1.577648","11.0","6.0"
"faulty_programs.FIND_IN_SORTED.faulty_programs.FIND_IN_SORTED.find_in_sorted(int[],int)","| gin.edit.statement.ReplaceStatement quixbugs/faulty_programs/FIND_IN_SORTED.java:21 -> quixbugs/faulty_programs/FIND_IN_SORTED.java:104 | gin.edit.statement.SwapStatement quixbugs/faulty_programs/FIND_IN_SORTED.java:104 <-> quixbugs/faulty_programs/FIND_IN_SORTED.java:104 | gin.edit.statement.ReplaceStatement quixbugs/faulty_programs/FIND_IN_SORTED.java:27 -> quixbugs/faulty_programs/FIND_IN_SORTED.java:103 | gin.edit.statement.SwapStatement quixbugs/faulty_programs/FIND_IN_SORTED.java:104 <-> quixbugs/faulty_programs/FIND_IN_SORTED.java:104 | gin.edit.statement.DeleteStatement quixbugs/faulty_programs/FIND_IN_SORTED.java:103 | gin.edit.statement.ReplaceStatement quixbugs/faulty_programs/FIND_IN_SORTED.java:27 -> quixbugs/faulty_programs/FIND_IN_SORTED.java:103 | gin.edit.statement.ReplaceStatement quixbugs/faulty_programs/FIND_IN_SORTED.java:28 -> quixbugs/faulty_programs/FIND_IN_SORTED.java:104 | gin.edit.statement.SwapStatement quixbugs/faulty_programs/FIND_IN_SORTED.java:104 <-> quixbugs/faulty_programs/FIND_IN_SORTED.java:104 | gin.edit.statement.ReplaceStatement quixbugs/faulty_programs/FIND_IN_SORTED.java:28 -> quixbugs/faulty_programs/FIND_IN_SORTED.java:103 | gin.edit.modifynode.ReplaceExpression quixbugs/faulty_programs/FIND_IN_SORTED.java:29 -> quixbugs/faulty_programs/FIND_IN_SORTED.java:105 | gin.edit.statement.SwapStatement quixbugs/faulty_programs/FIND_IN_SORTED.java:103 <-> quixbugs/faulty_programs/FIND_IN_SORTED.java:104 |","true","false","1.76539","11.0","6.0"
"faulty_programs.FIND_IN_SORTED.faulty_programs.FIND_IN_SORTED.find_in_sorted(int[],int)","| gin.edit.modifynode.SwapExpression quixbugs/faulty_programs/FIND_IN_SORTED.java:105 <-> quixbugs/faulty_programs/FIND_IN_SORTED.java:113 | gin.edit.statement.DeleteStatement quixbugs/faulty_programs/FIND_IN_SORTED.java:104 | gin.edit.statement.ReplaceStatement quixbugs/faulty_programs/FIND_IN_SORTED.java:27 -> quixbugs/faulty_programs/FIND_IN_SORTED.java:103 | gin.edit.statement.ReplaceStatement quixbugs/faulty_programs/FIND_IN_SORTED.java:28 -> quixbugs/faulty_programs/FIND_IN_SORTED.java:103 | gin.edit.statement.SwapStatement quixbugs/faulty_programs/FIND_IN_SORTED.java:104 <-> quixbugs/faulty_programs/FIND_IN_SORTED.java:104 | gin.edit.statement.ReplaceStatement quixbugs/faulty_programs/FIND_IN_SORTED.java:20 -> quixbugs/faulty_programs/FIND_IN_SORTED.java:104 | gin.edit.statement.ReplaceStatement quixbugs/faulty_programs/FIND_IN_SORTED.java:21 -> quixbugs/faulty_programs/FIND_IN_SORTED.java:104 | gin.edit.statement.ReplaceStatement quixbugs/faulty_programs/FIND_IN_SORTED.java:27 -> quixbugs/faulty_programs/FIND_IN_SORTED.java:103 | gin.edit.modifynode.ReplaceExpression quixbugs/faulty_programs/FIND_IN_SORTED.java:52 -> quixbugs/faulty_programs/FIND_IN_SORTED.java:113 |","true","false","1.539649","11.0","6.0"
"faulty_programs.FIND_IN_SORTED.faulty_programs.FIND_IN_SORTED.find_in_sorted(int[],int)","| gin.edit.statement.SwapStatement quixbugs/faulty_programs/FIND_IN_SORTED.java:104 <-> quixbugs/faulty_programs/FIND_IN_SORTED.java:104 | gin.edit.statement.ReplaceStatement quixbugs/faulty_programs/FIND_IN_SORTED.java:27 -> quixbugs/faulty_programs/FIND_IN_SORTED.java:103 | gin.edit.statement.ReplaceStatement quixbugs/faulty_programs/FIND_IN_SORTED.java:28 -> quixbugs/faulty_programs/FIND_IN_SORTED.java:103 | gin.edit.modifynode.ReplaceExpression quixbugs/faulty_programs/FIND_IN_SORTED.java:29 -> quixbugs/faulty_programs/FIND_IN_SORTED.java:105 | gin.edit.modifynode.SwapExpression quixbugs/faulty_programs/FIND_IN_SORTED.java:112 <-> quixbugs/faulty_programs/FIND_IN_SORTED.java:109 | gin.edit.statement.SwapStatement quixbugs/faulty_programs/FIND_IN_SORTED.java:104 <-> quixbugs/faulty_programs/FIND_IN_SORTED.java:103 | gin.edit.statement.CopyStatement quixbugs/faulty_programs/FIND_IN_SORTED.java:20 -> quixbugs/faulty_programs/FIND_IN_SORTED.java:103:103 |","true","false","1.722256","11.0","6.0"
"faulty_programs.FIND_IN_SORTED.faulty_programs.FIND_IN_SORTED.find_in_sorted(int[],int)","| gin.edit.modifynode.SwapExpression quixbugs/faulty_programs/FIND_IN_SORTED.java:105 <-> quixbugs/faulty_programs/FIND_IN_SORTED.java:113 | gin.edit.statement.DeleteStatement quixbugs/faulty_programs/FIND_IN_SORTED.java:104 | gin.edit.statement.ReplaceStatement quixbugs/faulty_programs/FIND_IN_SORTED.java:27 -> quixbugs/faulty_programs/FIND_IN_SORTED.java:103 | gin.edit.statement.ReplaceStatement quixbugs/faulty_programs/FIND_IN_SORTED.java:103 -> quixbugs/faulty_programs/FIND_IN_SORTED.java:104 | gin.edit.statement.ReplaceStatement quixbugs/faulty_programs/FIND_IN_SORTED.java:28 -> quixbugs/faulty_programs/FIND_IN_SORTED.java:104 | gin.edit.statement.SwapStatement quixbugs/faulty_programs/FIND_IN_SORTED.java:104 <-> quixbugs/faulty_programs/FIND_IN_SORTED.java:104 | gin.edit.modifynode.ReplaceExpression quixbugs/faulty_programs/FIND_IN_SORTED.java:52 -> quixbugs/faulty_programs/FIND_IN_SORTED.java:113 | gin.edit.statement.ReplaceStatement quixbugs/faulty_programs/FIND_IN_SORTED.java:28 -> quixbugs/faulty_programs/FIND_IN_SORTED.java:103 | gin.edit.modifynode.ReplaceExpression quixbugs/faulty_programs/FIND_IN_SORTED.java:29 -> quixbugs/faulty_programs/FIND_IN_SORTED.java:105 | gin.edit.modifynode.SwapExpression quixbugs/faulty_programs/FIND_IN_SORTED.java:111 <-> quixbugs/faulty_programs/FIND_IN_SORTED.java:111 | gin.edit.modifynode.ReplaceExpression quixbugs/faulty_programs/FIND_IN_SORTED.java:36 -> quixbugs/faulty_programs/FIND_IN_SORTED.java:105 |","true","false","1.351401","11.0","6.0"
"faulty_programs.FIND_IN_SORTED.faulty_programs.FIND_IN_SORTED.find_in_sorted(int[],int)","| gin.edit.statement.SwapStatement quixbugs/faulty_programs/FIND_IN_SORTED.java:104 <-> quixbugs/faulty_programs/FIND_IN_SORTED.java:104 | gin.edit.modifynode.SwapExpression quixbugs/faulty_programs/FIND_IN_SORTED.java:105 <-> quixbugs/faulty_programs/FIND_IN_SORTED.java:113 | gin.edit.statement.DeleteStatement quixbugs/faulty_programs/FIND_IN_SORTED.java:104 | gin.edit.statement.ReplaceStatement quixbugs/faulty_programs/FIND_IN_SORTED.java:27 -> quixbugs/faulty_programs/FIND_IN_SORTED.java:103 | gin.edit.statement.ReplaceStatement quixbugs/faulty_programs/FIND_IN_SORTED.java:103 -> quixbugs/faulty_programs/FIND_IN_SORTED.java:104 | gin.edit.statement.ReplaceStatement quixbugs/faulty_programs/FIND_IN_SORTED.java:28 -> quixbugs/faulty_programs/FIND_IN_SORTED.java:104 | gin.edit.statement.SwapStatement quixbugs/faulty_programs/FIND_IN_SORTED.java:104 <-> quixbugs/faulty_programs/FIND_IN_SORTED.java:104 | gin.edit.modifynode.ReplaceExpression quixbugs/faulty_programs/FIND_IN_SORTED.java:52 -> quixbugs/faulty_programs/FIND_IN_SORTED.java:113 | gin.edit.statement.ReplaceStatement quixbugs/faulty_programs/FIND_IN_SORTED.java:28 -> quixbugs/faulty_programs/FIND_IN_SORTED.java:103 | gin.edit.modifynode.SwapExpression quixbugs/faulty_programs/FIND_IN_SORTED.java:111 <-> quixbugs/faulty_programs/FIND_IN_SORTED.java:111 |","true","false","1.49407","11.0","6.0"
"faulty_programs.FIND_IN_SORTED.faulty_programs.FIND_IN_SORTED.find_in_sorted(int[],int)","| gin.edit.modifynode.SwapExpression quixbugs/faulty_programs/FIND_IN_SORTED.java:105 <-> quixbugs/faulty_programs/FIND_IN_SORTED.java:113 | gin.edit.statement.ReplaceStatement quixbugs/faulty_programs/FIND_IN_SORTED.java:27 -> quixbugs/faulty_programs/FIND_IN_SORTED.java:103 | gin.edit.modifynode.ReplaceExpression quixbugs/faulty_programs/FIND_IN_SORTED.java:29 -> quixbugs/faulty_programs/FIND_IN_SORTED.java:105 | gin.edit.modifynode.SwapExpression quixbugs/faulty_programs/FIND_IN_SORTED.java:111 <-> quixbugs/faulty_programs/FIND_IN_SORTED.java:111 | gin.edit.modifynode.ReplaceExpression quixbugs/faulty_programs/FIND_IN_SORTED.java:36 -> quixbugs/faulty_programs/FIND_IN_SORTED.java:105 | gin.edit.statement.CopyStatement quixbugs/faulty_programs/FIND_IN_SORTED.java:20 -> quixbugs/faulty_programs/FIND_IN_SORTED.java:103:103 | gin.edit.statement.DeleteStatement quixbugs/faulty_programs/FIND_IN_SORTED.java:103 |","true","false","1.445403","11.0","6.0"
"faulty_programs.FIND_IN_SORTED.faulty_programs.FIND_IN_SORTED.find_in_sorted(int[],int)","| gin.edit.statement.ReplaceStatement quixbugs/faulty_programs/FIND_IN_SORTED.java:21 -> quixbugs/faulty_programs/FIND_IN_SORTED.java:104 | gin.edit.statement.SwapStatement quixbugs/faulty_programs/FIND_IN_SORTED.java:104 <-> quixbugs/faulty_programs/FIND_IN_SORTED.java:104 | gin.edit.statement.ReplaceStatement quixbugs/faulty_programs/FIND_IN_SORTED.java:27 -> quixbugs/faulty_programs/FIND_IN_SORTED.java:103 | gin.edit.statement.SwapStatement quixbugs/faulty_programs/FIND_IN_SORTED.java:104 <-> quixbugs/faulty_programs/FIND_IN_SORTED.java:104 | gin.edit.statement.DeleteStatement quixbugs/faulty_programs/FIND_IN_SORTED.java:103 | gin.edit.statement.ReplaceStatement quixbugs/faulty_programs/FIND_IN_SORTED.java:27 -> quixbugs/faulty_programs/FIND_IN_SORTED.java:103 | gin.edit.statement.ReplaceStatement quixbugs/faulty_programs/FIND_IN_SORTED.java:28 -> quixbugs/faulty_programs/FIND_IN_SORTED.java:104 | gin.edit.statement.SwapStatement quixbugs/faulty_programs/FIND_IN_SORTED.java:104 <-> quixbugs/faulty_programs/FIND_IN_SORTED.java:104 | gin.edit.statement.ReplaceStatement quixbugs/faulty_programs/FIND_IN_SORTED.java:28 -> quixbugs/faulty_programs/FIND_IN_SORTED.java:103 | gin.edit.modifynode.ReplaceExpression quixbugs/faulty_programs/FIND_IN_SORTED.java:29 -> quixbugs/faulty_programs/FIND_IN_SORTED.java:105 | gin.edit.statement.SwapStatement quixbugs/faulty_programs/FIND_IN_SORTED.java:103 <-> quixbugs/faulty_programs/FIND_IN_SORTED.java:104 | gin.edit.modifynode.SwapExpression quixbugs/faulty_programs/FIND_IN_SORTED.java:107 <-> quixbugs/faulty_programs/FIND_IN_SORTED.java:109 |","true","false","1.679828","11.0","6.0"
"faulty_programs.FIND_IN_SORTED.faulty_programs.FIND_IN_SORTED.find_in_sorted(int[],int)","| gin.edit.statement.ReplaceStatement quixbugs/faulty_programs/FIND_IN_SORTED.java:27 -> quixbugs/faulty_programs/FIND_IN_SORTED.java:104 | gin.edit.statement.ReplaceStatement quixbugs/faulty_programs/FIND_IN_SORTED.java:28 -> quixbugs/faulty_programs/FIND_IN_SORTED.java:104 | gin.edit.statement.SwapStatement quixbugs/faulty_programs/FIND_IN_SORTED.java:104 <-> quixbugs/faulty_programs/FIND_IN_SORTED.java:103 | gin.edit.statement.ReplaceStatement quixbugs/faulty_programs/FIND_IN_SORTED.java:47 -> quixbugs/faulty_programs/FIND_IN_SORTED.java:104 | gin.edit.statement.SwapStatement quixbugs/faulty_programs/FIND_IN_SORTED.java:103 <-> quixbugs/faulty_programs/FIND_IN_SORTED.java:104 | gin.edit.statement.CopyStatement quixbugs/faulty_programs/FIND_IN_SORTED.java:104 -> quixbugs/faulty_programs/FIND_IN_SORTED.java:103:104 | gin.edit.modifynode.ReplaceExpression quixbugs/faulty_programs/FIND_IN_SORTED.java:54 -> quixbugs/faulty_programs/FIND_IN_SORTED.java:105 |","true","false","1.509621","11.0","6.0"
"faulty_programs.FIND_IN_SORTED.faulty_programs.FIND_IN_SORTED.find_in_sorted(int[],int)","| gin.edit.statement.ReplaceStatement quixbugs/faulty_programs/FIND_IN_SORTED.java:21 -> quixbugs/faulty_programs/FIND_IN_SORTED.java:104 | gin.edit.statement.ReplaceStatement quixbugs/faulty_programs/FIND_IN_SORTED.java:27 -> quixbugs/faulty_programs/FIND_IN_SORTED.java:103 | gin.edit.statement.ReplaceStatement quixbugs/faulty_programs/FIND_IN_SORTED.java:28 -> quixbugs/faulty_programs/FIND_IN_SORTED.java:104 | gin.edit.modifynode.ReplaceExpression quixbugs/faulty_programs/FIND_IN_SORTED.java:29 -> quixbugs/faulty_programs/FIND_IN_SORTED.java:105 | gin.edit.statement.ReplaceStatement quixbugs/faulty_programs/FIND_IN_SORTED.java:27 -> quixbugs/faulty_programs/FIND_IN_SORTED.java:104 | gin.edit.statement.SwapStatement quixbugs/faulty_programs/FIND_IN_SORTED.java:104 <-> quixbugs/faulty_programs/FIND_IN_SORTED.java:103 | gin.edit.statement.ReplaceStatement quixbugs/faulty_programs/FIND_IN_SORTED.java:47 -> quixbugs/faulty_programs/FIND_IN_SORTED.java:104 | gin.edit.statement.SwapStatement quixbugs/faulty_programs/FIND_IN_SORTED.java:103 <-> quixbugs/faulty_programs/FIND_IN_SORTED.java:104 | gin.edit.statement.DeleteStatement quixbugs/faulty_programs/FIND_IN_SORTED.java:104 |","true","false","1.811553","11.0","6.0"
"faulty_programs.FIND_IN_SORTED.faulty_programs.FIND_IN_SORTED.find_in_sorted(int[],int)","| gin.edit.statement.SwapStatement quixbugs/faulty_programs/FIND_IN_SORTED.java:103 <-> quixbugs/faulty_programs/FIND_IN_SORTED.java:104 | gin.edit.statement.ReplaceStatement quixbugs/faulty_programs/FIND_IN_SORTED.java:21 -> quixbugs/faulty_programs/FIND_IN_SORTED.java:104 | gin.edit.statement.ReplaceStatement quixbugs/faulty_programs/FIND_IN_SORTED.java:27 -> quixbugs/faulty_programs/FIND_IN_SORTED.java:103 | gin.edit.statement.DeleteStatement quixbugs/faulty_programs/FIND_IN_SORTED.java:103 | gin.edit.statement.ReplaceStatement quixbugs/faulty_programs/FIND_IN_SORTED.java:28 -> quixbugs/faulty_programs/FIND_IN_SORTED.java:104 | gin.edit.statement.SwapStatement quixbugs/faulty_programs/FIND_IN_SORTED.java:104 <-> quixbugs/faulty_programs/FIND_IN_SORTED.java:104 | gin.edit.statement.ReplaceStatement quixbugs/faulty_programs/FIND_IN_SORTED.java:28 -> quixbugs/faulty_programs/FIND_IN_SORTED.java:103 | gin.edit.statement.SwapStatement quixbugs/faulty_programs/FIND_IN_SORTED.java:103 <-> quixbugs/faulty_programs/FIND_IN_SORTED.java:104 | gin.edit.modifynode.ReplaceExpression quixbugs/faulty_programs/FIND_IN_SORTED.java:23 -> quixbugs/faulty_programs/FIND_IN_SORTED.java:113 |","true","false","0.0","0.0","-5.0"
"faulty_programs.FIND_IN_SORTED.faulty_programs.FIND_IN_SORTED.find_in_sorted(int[],int)","| gin.edit.statement.SwapStatement quixbugs/faulty_programs/FIND_IN_SORTED.java:104 <-> quixbugs/faulty_programs/FIND_IN_SORTED.java:104 | gin.edit.modifynode.ReplaceExpression quixbugs/faulty_programs/FIND_IN_SORTED.java:52 -> quixbugs/faulty_programs/FIND_IN_SORTED.java:113 | gin.edit.statement.ReplaceStatement quixbugs/faulty_programs/FIND_IN_SORTED.java:28 -> quixbugs/faulty_programs/FIND_IN_SORTED.java:104 | gin.edit.modifynode.SwapExpression quixbugs/faulty_programs/FIND_IN_SORTED.java:111 <-> quixbugs/faulty_programs/FIND_IN_SORTED.java:111 | gin.edit.statement.SwapStatement quixbugs/faulty_programs/FIND_IN_SORTED.java:103 <-> quixbugs/faulty_programs/FIND_IN_SORTED.java:103 | gin.edit.statement.SwapStatement quixbugs/faulty_programs/FIND_IN_SORTED.java:103 <-> quixbugs/faulty_programs/FIND_IN_SORTED.java:103 | gin.edit.modifynode.ReplaceExpression quixbugs/faulty_programs/FIND_IN_SORTED.java:64 -> quixbugs/faulty_programs/FIND_IN_SORTED.java:112 | gin.edit.statement.ReplaceStatement quixbugs/faulty_programs/FIND_IN_SORTED.java:90 -> quixbugs/faulty_programs/FIND_IN_SORTED.java:104 |","true","false","1.312135","11.0","6.0"
"faulty_programs.FIND_IN_SORTED.faulty_programs.FIND_IN_SORTED.find_in_sorted(int[],int)","| gin.edit.modifynode.SwapExpression quixbugs/faulty_programs/FIND_IN_SORTED.java:105 <-> quixbugs/faulty_programs/FIND_IN_SORTED.java:113 | gin.edit.modifynode.ReplaceExpression quixbugs/faulty_programs/FIND_IN_SORTED.java:87 -> quixbugs/faulty_programs/FIND_IN_SORTED.java:111 | gin.edit.statement.DeleteStatement quixbugs/faulty_programs/FIND_IN_SORTED.java:104 | gin.edit.statement.SwapStatement quixbugs/faulty_programs/FIND_IN_SORTED.java:104 <-> quixbugs/faulty_programs/FIND_IN_SORTED.java:104 | gin.edit.statement.SwapStatement quixbugs/faulty_programs/FIND_IN_SORTED.java:104 <-> quixbugs/faulty_programs/FIND_IN_SORTED.java:104 | gin.edit.statement.ReplaceStatement quixbugs/faulty_programs/FIND_IN_SORTED.java:27 -> quixbugs/faulty_programs/FIND_IN_SORTED.java:103 | gin.edit.modifynode.ReplaceExpression quixbugs/faulty_programs/FIND_IN_SORTED.java:52 -> quixbugs/faulty_programs/FIND_IN_SORTED.java:113 | gin.edit.statement.ReplaceStatement quixbugs/faulty_programs/FIND_IN_SORTED.java:103 -> quixbugs/faulty_programs/FIND_IN_SORTED.java:104 | gin.edit.statement.SwapStatement quixbugs/faulty_programs/FIND_IN_SORTED.java:103 <-> quixbugs/faulty_programs/FIND_IN_SORTED.java:104 | gin.edit.statement.DeleteStatement quixbugs/faulty_programs/FIND_IN_SORTED.java:103 | gin.edit.statement.DeleteStatement quixbugs/faulty_programs/FIND_IN_SORTED.java:104 |","true","false","1.464835","11.0","6.0"
"faulty_programs.FIND_IN_SORTED.faulty_programs.FIND_IN_SORTED.find_in_sorted(int[],int)","| gin.edit.statement.SwapStatement quixbugs/faulty_programs/FIND_IN_SORTED.java:104 <-> quixbugs/faulty_programs/FIND_IN_SORTED.java:104 | gin.edit.modifynode.ReplaceExpression quixbugs/faulty_programs/FIND_IN_SORTED.java:52 -> quixbugs/faulty_programs/FIND_IN_SORTED.java:113 | gin.edit.modifynode.SwapExpression quixbugs/faulty_programs/FIND_IN_SORTED.java:111 <-> quixbugs/faulty_programs/FIND_IN_SORTED.java:111 | gin.edit.modifynode.SwapExpression quixbugs/faulty_programs/FIND_IN_SORTED.java:105 <-> quixbugs/faulty_programs/FIND_IN_SORTED.java:113 | gin.edit.statement.DeleteStatement quixbugs/faulty_programs/FIND_IN_SORTED.java:104 | gin.edit.statement.ReplaceStatement quixbugs/faulty_programs/FIND_IN_SORTED.java:27 -> quixbugs/faulty_programs/FIND_IN_SORTED.java:103 | gin.edit.modifynode.ReplaceExpression quixbugs/faulty_programs/FIND_IN_SORTED.java:52 -> quixbugs/faulty_programs/FIND_IN_SORTED.java:113 | gin.edit.statement.SwapStatement quixbugs/faulty_programs/FIND_IN_SORTED.java:103 <-> quixbugs/faulty_programs/FIND_IN_SORTED.java:104 | gin.edit.statement.DeleteStatement quixbugs/faulty_programs/FIND_IN_SORTED.java:103 |","true","false","1.471947","11.0","6.0"
"faulty_programs.FIND_IN_SORTED.faulty_programs.FIND_IN_SORTED.find_in_sorted(int[],int)","| gin.edit.modifynode.SwapExpression quixbugs/faulty_programs/FIND_IN_SORTED.java:105 <-> quixbugs/faulty_programs/FIND_IN_SORTED.java:113 | gin.edit.modifynode.ReplaceExpression quixbugs/faulty_programs/FIND_IN_SORTED.java:87 -> quixbugs/faulty_programs/FIND_IN_SORTED.java:111 | gin.edit.statement.DeleteStatement quixbugs/faulty_programs/FIND_IN_SORTED.java:104 | gin.edit.statement.SwapStatement quixbugs/faulty_programs/FIND_IN_SORTED.java:104 <-> quixbugs/faulty_programs/FIND_IN_SORTED.java:104 | gin.edit.modifynode.ReplaceExpression quixbugs/faulty_programs/FIND_IN_SORTED.java:52 -> quixbugs/faulty_programs/FIND_IN_SORTED.java:113 | gin.edit.statement.ReplaceStatement quixbugs/faulty_programs/FIND_IN_SORTED.java:103 -> quixbugs/faulty_programs/FIND_IN_SORTED.java:104 | gin.edit.statement.SwapStatement quixbugs/faulty_programs/FIND_IN_SORTED.java:103 <-> quixbugs/faulty_programs/FIND_IN_SORTED.java:104 | gin.edit.statement.SwapStatement quixbugs/faulty_programs/FIND_IN_SORTED.java:104 <-> quixbugs/faulty_programs/FIND_IN_SORTED.java:104 | gin.edit.statement.ReplaceStatement quixbugs/faulty_programs/FIND_IN_SORTED.java:28 -> quixbugs/faulty_programs/FIND_IN_SORTED.java:104 | gin.edit.statement.SwapStatement quixbugs/faulty_programs/FIND_IN_SORTED.java:103 <-> quixbugs/faulty_programs/FIND_IN_SORTED.java:103 | gin.edit.modifynode.ReplaceExpression quixbugs/faulty_programs/FIND_IN_SORTED.java:64 -> quixbugs/faulty_programs/FIND_IN_SORTED.java:112 |","false","false","0.0","0.0","-5.0"
"faulty_programs.FIND_IN_SORTED.faulty_programs.FIND_IN_SORTED.find_in_sorted(int[],int)","| gin.edit.statement.SwapStatement quixbugs/faulty_programs/FIND_IN_SORTED.java:104 <-> quixbugs/faulty_programs/FIND_IN_SORTED.java:104 | gin.edit.statement.SwapStatement quixbugs/faulty_programs/FIND_IN_SORTED.java:104 <-> quixbugs/faulty_programs/FIND_IN_SORTED.java:104 | gin.edit.statement.ReplaceStatement quixbugs/faulty_programs/FIND_IN_SORTED.java:28 -> quixbugs/faulty_programs/FIND_IN_SORTED.java:104 | gin.edit.statement.CopyStatement quixbugs/faulty_programs/FIND_IN_SORTED.java:89 -> quixbugs/faulty_programs/FIND_IN_SORTED.java:103:104 | gin.edit.statement.SwapStatement quixbugs/faulty_programs/FIND_IN_SORTED.java:104 <-> quixbugs/faulty_programs/FIND_IN_SORTED.java:103 | gin.edit.statement.SwapStatement quixbugs/faulty_programs/FIND_IN_SORTED.java:104 <-> quixbugs/faulty_programs/FIND_IN_SORTED.java:103 | gin.edit.statement.CopyStatement quixbugs/faulty_programs/FIND_IN_SORTED.java:90 -> quixbugs/faulty_programs/FIND_IN_SORTED.java:103:103 |","false","false","0.0","0.0","-5.0"
"faulty_programs.FIND_IN_SORTED.faulty_programs.FIND_IN_SORTED.find_in_sorted(int[],int)","| gin.edit.statement.SwapStatement quixbugs/faulty_programs/FIND_IN_SORTED.java:104 <-> quixbugs/faulty_programs/FIND_IN_SORTED.java:104 | gin.edit.statement.ReplaceStatement quixbugs/faulty_programs/FIND_IN_SORTED.java:28 -> quixbugs/faulty_programs/FIND_IN_SORTED.java:104 | gin.edit.statement.CopyStatement quixbugs/faulty_programs/FIND_IN_SORTED.java:20 -> quixbugs/faulty_programs/FIND_IN_SORTED.java:103:104 | gin.edit.statement.ReplaceStatement quixbugs/faulty_programs/FIND_IN_SORTED.java:27 -> quixbugs/faulty_programs/FIND_IN_SORTED.java:103 | gin.edit.statement.ReplaceStatement quixbugs/faulty_programs/FIND_IN_SORTED.java:28 -> quixbugs/faulty_programs/FIND_IN_SORTED.java:104 | gin.edit.statement.DeleteStatement quixbugs/faulty_programs/FIND_IN_SORTED.java:103 |","true","false","1.739924","11.0","6.0"
"faulty_programs.FIND_IN_SORTED.faulty_programs.FIND_IN_SORTED.find_in_sorted(int[],int)","| gin.edit.statement.SwapStatement quixbugs/faulty_programs/FIND_IN_SORTED.java:104 <-> quixbugs/faulty_programs/FIND_IN_SORTED.java:104 | gin.edit.statement.ReplaceStatement quixbugs/faulty_programs/FIND_IN_SORTED.java:28 -> quixbugs/faulty_programs/FIND_IN_SORTED.java:104 | gin.edit.statement.SwapStatement quixbugs/faulty_programs/FIND_IN_SORTED.java:104 <-> quixbugs/faulty_programs/FIND_IN_SORTED.java:103 | gin.edit.statement.SwapStatement quixbugs/faulty_programs/FIND_IN_SORTED.java:104 <-> quixbugs/faulty_programs/FIND_IN_SORTED.java:103 | gin.edit.statement.SwapStatement quixbugs/faulty_programs/FIND_IN_SORTED.java:104 <-> quixbugs/faulty_programs/FIND_IN_SORTED.java:104 | gin.edit.statement.ReplaceStatement quixbugs/faulty_programs/FIND_IN_SORTED.java:28 -> quixbugs/faulty_programs/FIND_IN_SORTED.java:104 | gin.edit.statement.CopyStatement quixbugs/faulty_programs/FIND_IN_SORTED.java:20 -> quixbugs/faulty_programs/FIND_IN_SORTED.java:103:104 | gin.edit.statement.ReplaceStatement quixbugs/faulty_programs/FIND_IN_SORTED.java:27 -> quixbugs/faulty_programs/FIND_IN_SORTED.java:103 | gin.edit.statement.ReplaceStatement quixbugs/faulty_programs/FIND_IN_SORTED.java:28 -> quixbugs/faulty_programs/FIND_IN_SORTED.java:104 |","true","false","1.661315","11.0","6.0"
"faulty_programs.FIND_IN_SORTED.faulty_programs.FIND_IN_SORTED.find_in_sorted(int[],int)","| gin.edit.statement.SwapStatement quixbugs/faulty_programs/FIND_IN_SORTED.java:104 <-> quixbugs/faulty_programs/FIND_IN_SORTED.java:104 | gin.edit.statement.CopyStatement quixbugs/faulty_programs/FIND_IN_SORTED.java:20 -> quixbugs/faulty_programs/FIND_IN_SORTED.java:103:104 | gin.edit.statement.ReplaceStatement quixbugs/faulty_programs/FIND_IN_SORTED.java:28 -> quixbugs/faulty_programs/FIND_IN_SORTED.java:104 | gin.edit.statement.SwapStatement quixbugs/faulty_programs/FIND_IN_SORTED.java:104 <-> quixbugs/faulty_programs/FIND_IN_SORTED.java:104 | gin.edit.statement.CopyStatement quixbugs/faulty_programs/FIND_IN_SORTED.java:89 -> quixbugs/faulty_programs/FIND_IN_SORTED.java:103:104 | gin.edit.statement.SwapStatement quixbugs/faulty_programs/FIND_IN_SORTED.java:104 <-> quixbugs/faulty_programs/FIND_IN_SORTED.java:103 | gin.edit.statement.ReplaceStatement quixbugs/faulty_programs/FIND_IN_SORTED.java:89 -> quixbugs/faulty_programs/FIND_IN_SORTED.java:104 |","false","false","0.0","0.0","-5.0"
"faulty_programs.FIND_IN_SORTED.faulty_programs.FIND_IN_SORTED.find_in_sorted(int[],int)","| gin.edit.statement.ReplaceStatement quixbugs/faulty_programs/FIND_IN_SORTED.java:27 -> quixbugs/faulty_programs/FIND_IN_SORTED.java:104 | gin.edit.statement.ReplaceStatement quixbugs/faulty_programs/FIND_IN_SORTED.java:28 -> quixbugs/faulty_programs/FIND_IN_SORTED.java:104 | gin.edit.statement.CopyStatement quixbugs/faulty_programs/FIND_IN_SORTED.java:104 -> quixbugs/faulty_programs/FIND_IN_SORTED.java:103:104 | gin.edit.statement.ReplaceStatement quixbugs/faulty_programs/FIND_IN_SORTED.java:28 -> quixbugs/faulty_programs/FIND_IN_SORTED.java:104 | gin.edit.statement.SwapStatement quixbugs/faulty_programs/FIND_IN_SORTED.java:104 <-> quixbugs/faulty_programs/FIND_IN_SORTED.java:103 | gin.edit.statement.DeleteStatement quixbugs/faulty_programs/FIND_IN_SORTED.java:104 | gin.edit.statement.ReplaceStatement quixbugs/faulty_programs/FIND_IN_SORTED.java:103 -> quixbugs/faulty_programs/FIND_IN_SORTED.java:103 |","true","false","1.66476","11.0","6.0"
"faulty_programs.FIND_IN_SORTED.faulty_programs.FIND_IN_SORTED.find_in_sorted(int[],int)","| gin.edit.statement.ReplaceStatement quixbugs/faulty_programs/FIND_IN_SORTED.java:28 -> quixbugs/faulty_programs/FIND_IN_SORTED.java:104 | gin.edit.statement.ReplaceStatement quixbugs/faulty_programs/FIND_IN_SORTED.java:28 -> quixbugs/faulty_programs/FIND_IN_SORTED.java:104 | gin.edit.statement.SwapStatement quixbugs/faulty_programs/FIND_IN_SORTED.java:104 <-> quixbugs/faulty_programs/FIND_IN_SORTED.java:103 | gin.edit.modifynode.ReplaceExpression quixbugs/faulty_programs/FIND_IN_SORTED.java:36 -> quixbugs/faulty_programs/FIND_IN_SORTED.java:105 | gin.edit.modifynode.SwapExpression quixbugs/faulty_programs/FIND_IN_SORTED.java:111 <-> quixbugs/faulty_programs/FIND_IN_SORTED.java:105 | gin.edit.modifynode.ReplaceExpression quixbugs/faulty_programs/FIND_IN_SORTED.java:58 -> quixbugs/faulty_programs/FIND_IN_SORTED.java:109 | gin.edit.statement.ReplaceStatement quixbugs/faulty_programs/FIND_IN_SORTED.java:68 -> quixbugs/faulty_programs/FIND_IN_SORTED.java:104 |","true","false","1.669403","11.0","6.0"
"faulty_programs.FIND_IN_SORTED.faulty_programs.FIND_IN_SORTED.find_in_sorted(int[],int)","| gin.edit.statement.ReplaceStatement quixbugs/faulty_programs/FIND_IN_SORTED.java:27 -> quixbugs/faulty_programs/FIND_IN_SORTED.java:104 | gin.edit.statement.ReplaceStatement quixbugs/faulty_programs/FIND_IN_SORTED.java:28 -> quixbugs/faulty_programs/FIND_IN_SORTED.java:104 | gin.edit.statement.SwapStatement quixbugs/faulty_programs/FIND_IN_SORTED.java:104 <-> quixbugs/faulty_programs/FIND_IN_SORTED.java:103 | gin.edit.statement.ReplaceStatement quixbugs/faulty_programs/FIND_IN_SORTED.java:28 -> quixbugs/faulty_programs/FIND_IN_SORTED.java:104 | gin.edit.modifynode.ReplaceExpression quixbugs/faulty_programs/FIND_IN_SORTED.java:36 -> quixbugs/faulty_programs/FIND_IN_SORTED.java:105 | gin.edit.modifynode.SwapExpression quixbugs/faulty_programs/FIND_IN_SORTED.java:111 <-> quixbugs/faulty_programs/FIND_IN_SORTED.java:105 | gin.edit.modifynode.ReplaceExpression quixbugs/faulty_programs/FIND_IN_SORTED.java:58 -> quixbugs/faulty_programs/FIND_IN_SORTED.java:109 | gin.edit.statement.DeleteStatement quixbugs/faulty_programs/FIND_IN_SORTED.java:103 |","false","false","0.0","0.0","-5.0"
"faulty_programs.FIND_IN_SORTED.faulty_programs.FIND_IN_SORTED.find_in_sorted(int[],int)","| gin.edit.statement.ReplaceStatement quixbugs/faulty_programs/FIND_IN_SORTED.java:28 -> quixbugs/faulty_programs/FIND_IN_SORTED.java:104 | gin.edit.modifynode.ReplaceExpression quixbugs/faulty_programs/FIND_IN_SORTED.java:36 -> quixbugs/faulty_programs/FIND_IN_SORTED.java:105 | gin.edit.modifynode.SwapExpression quixbugs/faulty_programs/FIND_IN_SORTED.java:111 <-> quixbugs/faulty_programs/FIND_IN_SORTED.java:105 | gin.edit.statement.ReplaceStatement quixbugs/faulty_programs/FIND_IN_SORTED.java:27 -> quixbugs/faulty_programs/FIND_IN_SORTED.java:104 | gin.edit.statement.ReplaceStatement quixbugs/faulty_programs/FIND_IN_SORTED.java:28 -> quixbugs/faulty_programs/FIND_IN_SORTED.java:104 | gin.edit.statement.SwapStatement quixbugs/faulty_programs/FIND_IN_SORTED.java:104 <-> quixbugs/faulty_programs/FIND_IN_SORTED.java:103 | gin.edit.statement.DeleteStatement quixbugs/faulty_programs/FIND_IN_SORTED.java:104 | gin.edit.statement.DeleteStatement quixbugs/faulty_programs/FIND_IN_SORTED.java:104 |","true","false","1.701723","11.0","6.0"
"faulty_programs.FIND_IN_SORTED.faulty_programs.FIND_IN_SORTED.find_in_sorted(int[],int)","| gin.edit.statement.ReplaceStatement quixbugs/faulty_programs/FIND_IN_SORTED.java:28 -> quixbugs/faulty_programs/FIND_IN_SORTED.java:104 | gin.edit.statement.ReplaceStatement quixbugs/faulty_programs/FIND_IN_SORTED.java:28 -> quixbugs/faulty_programs/FIND_IN_SORTED.java:104 | gin.edit.statement.SwapStatement quixbugs/faulty_programs/FIND_IN_SORTED.java:104 <-> quixbugs/faulty_programs/FIND_IN_SORTED.java:103 | gin.edit.modifynode.ReplaceExpression quixbugs/faulty_programs/FIND_IN_SORTED.java:36 -> quixbugs/faulty_programs/FIND_IN_SORTED.java:105 | gin.edit.modifynode.SwapExpression quixbugs/faulty_programs/FIND_IN_SORTED.java:111 <-> quixbugs/faulty_programs/FIND_IN_SORTED.java:105 | gin.edit.modifynode.ReplaceExpression quixbugs/faulty_programs/FIND_IN_SORTED.java:58 -> quixbugs/faulty_programs/FIND_IN_SORTED.java:109 |","true","false","1.733469","11.0","6.0"
"faulty_programs.FIND_IN_SORTED.faulty_programs.FIND_IN_SORTED.find_in_sorted(int[],int)","| gin.edit.statement.ReplaceStatement quixbugs/faulty_programs/FIND_IN_SORTED.java:27 -> quixbugs/faulty_programs/FIND_IN_SORTED.java:103 | gin.edit.modifynode.ReplaceExpression quixbugs/faulty_programs/FIND_IN_SORTED.java:52 -> quixbugs/faulty_programs/FIND_IN_SORTED.java:113 | gin.edit.statement.ReplaceStatement quixbugs/faulty_programs/FIND_IN_SORTED.java:28 -> quixbugs/faulty_programs/FIND_IN_SORTED.java:103 | gin.edit.statement.ReplaceStatement quixbugs/faulty_programs/FIND_IN_SORTED.java:28 -> quixbugs/faulty_programs/FIND_IN_SORTED.java:104 | gin.edit.modifynode.ReplaceExpression quixbugs/faulty_programs/FIND_IN_SORTED.java:48 -> quixbugs/faulty_programs/FIND_IN_SORTED.java:107 | gin.edit.statement.ReplaceStatement quixbugs/faulty_programs/FIND_IN_SORTED.java:31 -> quixbugs/faulty_programs/FIND_IN_SORTED.java:103 | gin.edit.statement.DeleteStatement quixbugs/faulty_programs/FIND_IN_SORTED.java:103 | gin.edit.statement.DeleteStatement quixbugs/faulty_programs/FIND_IN_SORTED.java:104 |","true","false","1.633503","11.0","6.0"
"faulty_programs.FIND_IN_SORTED.faulty_programs.FIND_IN_SORTED.find_in_sorted(int[],int)","| gin.edit.modifynode.ReplaceExpression quixbugs/faulty_programs/FIND_IN_SORTED.java:36 -> quixbugs/faulty_programs/FIND_IN_SORTED.java:105 | gin.edit.modifynode.ReplaceExpression quixbugs/faulty_programs/FIND_IN_SORTED.java:52 -> quixbugs/faulty_programs/FIND_IN_SORTED.java:113 |","false","false","0.0","0.0","-5.0"
"faulty_programs.FIND_IN_SORTED.faulty_programs.FIND_IN_SORTED.find_in_sorted(int[],int)","| gin.edit.statement.ReplaceStatement quixbugs/faulty_programs/FIND_IN_SORTED.java:28 -> quixbugs/faulty_programs/FIND_IN_SORTED.java:104 | gin.edit.statement.ReplaceStatement quixbugs/faulty_programs/FIND_IN_SORTED.java:31 -> quixbugs/faulty_programs/FIND_IN_SORTED.java:103 | gin.edit.statement.DeleteStatement quixbugs/faulty_programs/FIND_IN_SORTED.java:103 | gin.edit.statement.CopyStatement quixbugs/faulty_programs/FIND_IN_SORTED.java:27 -> quixbugs/faulty_programs/FIND_IN_SORTED.java:103:103 |","false","false","0.0","0.0","-5.0"
"faulty_programs.FIND_IN_SORTED.faulty_programs.FIND_IN_SORTED.find_in_sorted(int[],int)","| gin.edit.statement.ReplaceStatement quixbugs/faulty_programs/FIND_IN_SORTED.java:27 -> quixbugs/faulty_programs/FIND_IN_SORTED.java:103 | gin.edit.statement.ReplaceStatement quixbugs/faulty_programs/FIND_IN_SORTED.java:28 -> quixbugs/faulty_programs/FIND_IN_SORTED.java:103 | gin.edit.statement.ReplaceStatement quixbugs/faulty_programs/FIND_IN_SORTED.java:28 -> quixbugs/faulty_programs/FIND_IN_SORTED.java:104 | gin.edit.statement.ReplaceStatement quixbugs/faulty_programs/FIND_IN_SORTED.java:31 -> quixbugs/faulty_programs/FIND_IN_SORTED.java:103 | gin.edit.statement.SwapStatement quixbugs/faulty_programs/FIND_IN_SORTED.java:104 <-> quixbugs/faulty_programs/FIND_IN_SORTED.java:104 | gin.edit.statement.SwapStatement quixbugs/faulty_programs/FIND_IN_SORTED.java:103 <-> quixbugs/faulty_programs/FIND_IN_SORTED.java:103 | gin.edit.statement.CopyStatement quixbugs/faulty_programs/FIND_IN_SORTED.java:20 -> quixbugs/faulty_programs/FIND_IN_SORTED.java:103:104 | gin.edit.statement.ReplaceStatement quixbugs/faulty_programs/FIND_IN_SORTED.java:104 -> quixbugs/faulty_programs/FIND_IN_SORTED.java:104 | gin.edit.statement.ReplaceStatement quixbugs/faulty_programs/FIND_IN_SORTED.java:103 -> quixbugs/faulty_programs/FIND_IN_SORTED.java:104 |","true","false","1.524526","11.0","6.0"
"faulty_programs.FIND_IN_SORTED.faulty_programs.FIND_IN_SORTED.find_in_sorted(int[],int)","| gin.edit.modifynode.ReplaceExpression quixbugs/faulty_programs/FIND_IN_SORTED.java:29 -> quixbugs/faulty_programs/FIND_IN_SORTED.java:105 | gin.edit.statement.SwapStatement quixbugs/faulty_programs/FIND_IN_SORTED.java:104 <-> quixbugs/faulty_programs/FIND_IN_SORTED.java:104 | gin.edit.modifynode.ReplaceExpression quixbugs/faulty_programs/FIND_IN_SORTED.java:52 -> quixbugs/faulty_programs/FIND_IN_SORTED.java:113 | gin.edit.statement.ReplaceStatement quixbugs/faulty_programs/FIND_IN_SORTED.java:27 -> quixbugs/faulty_programs/FIND_IN_SORTED.java:103 | gin.edit.statement.SwapStatement quixbugs/faulty_programs/FIND_IN_SORTED.java:104 <-> quixbugs/faulty_programs/FIND_IN_SORTED.java:104 | gin.edit.statement.ReplaceStatement quixbugs/faulty_programs/FIND_IN_SORTED.java:28 -> quixbugs/faulty_programs/FIND_IN_SORTED.java:104 | gin.edit.statement.ReplaceStatement quixbugs/faulty_programs/FIND_IN_SORTED.java:78 -> quixbugs/faulty_programs/FIND_IN_SORTED.java:103 |","true","false","16.866468","11.0","6.0"
"faulty_programs.FIND_IN_SORTED.faulty_programs.FIND_IN_SORTED.find_in_sorted(int[],int)","| gin.edit.statement.ReplaceStatement quixbugs/faulty_programs/FIND_IN_SORTED.java:27 -> quixbugs/faulty_programs/FIND_IN_SORTED.java:103 | gin.edit.statement.ReplaceStatement quixbugs/faulty_programs/FIND_IN_SORTED.java:28 -> quixbugs/faulty_programs/FIND_IN_SORTED.java:103 | gin.edit.statement.ReplaceStatement quixbugs/faulty_programs/FIND_IN_SORTED.java:28 -> quixbugs/faulty_programs/FIND_IN_SORTED.java:104 | gin.edit.statement.SwapStatement quixbugs/faulty_programs/FIND_IN_SORTED.java:104 <-> quixbugs/faulty_programs/FIND_IN_SORTED.java:104 | gin.edit.modifynode.ReplaceExpression quixbugs/faulty_programs/FIND_IN_SORTED.java:52 -> quixbugs/faulty_programs/FIND_IN_SORTED.java:113 | gin.edit.statement.DeleteStatement quixbugs/faulty_programs/FIND_IN_SORTED.java:103 |","true","false","1.707755","11.0","6.0"
"faulty_programs.FIND_IN_SORTED.faulty_programs.FIND_IN_SORTED.find_in_sorted(int[],int)","| gin.edit.modifynode.ReplaceExpression quixbugs/faulty_programs/FIND_IN_SORTED.java:52 -> quixbugs/faulty_programs/FIND_IN_SORTED.java:113 | gin.edit.statement.ReplaceStatement quixbugs/faulty_programs/FIND_IN_SORTED.java:27 -> quixbugs/faulty_programs/FIND_IN_SORTED.java:103 | gin.edit.statement.SwapStatement quixbugs/faulty_programs/FIND_IN_SORTED.java:104 <-> quixbugs/faulty_programs/FIND_IN_SORTED.java:104 | gin.edit.statement.ReplaceStatement quixbugs/faulty_programs/FIND_IN_SORTED.java:78 -> quixbugs/faulty_programs/FIND_IN_SORTED.java:103 | gin.edit.statement.ReplaceStatement quixbugs/faulty_programs/FIND_IN_SORTED.java:28 -> quixbugs/faulty_programs/FIND_IN_SORTED.java:104 | gin.edit.statement.ReplaceStatement quixbugs/faulty_programs/FIND_IN_SORTED.java:31 -> quixbugs/faulty_programs/FIND_IN_SORTED.java:103 | gin.edit.statement.CopyStatement quixbugs/faulty_programs/FIND_IN_SORTED.java:20 -> quixbugs/faulty_programs/FIND_IN_SORTED.java:103:104 | gin.edit.statement.ReplaceStatement quixbugs/faulty_programs/FIND_IN_SORTED.java:104 -> quixbugs/faulty_programs/FIND_IN_SORTED.java:104 | gin.edit.modifynode.ReplaceExpression quixbugs/faulty_programs/FIND_IN_SORTED.java:42 -> quixbugs/faulty_programs/FIND_IN_SORTED.java:113 |","true","false","1.681057","11.0","6.0"
"faulty_programs.FIND_IN_SORTED.faulty_programs.FIND_IN_SORTED.find_in_sorted(int[],int)","| gin.edit.statement.ReplaceStatement quixbugs/faulty_programs/FIND_IN_SORTED.java:21 -> quixbugs/faulty_programs/FIND_IN_SORTED.java:104 | gin.edit.statement.SwapStatement quixbugs/faulty_programs/FIND_IN_SORTED.java:104 <-> quixbugs/faulty_programs/FIND_IN_SORTED.java:104 | gin.edit.statement.ReplaceStatement quixbugs/faulty_programs/FIND_IN_SORTED.java:27 -> quixbugs/faulty_programs/FIND_IN_SORTED.java:103 | gin.edit.statement.SwapStatement quixbugs/faulty_programs/FIND_IN_SORTED.java:104 <-> quixbugs/faulty_programs/FIND_IN_SORTED.java:104 | gin.edit.statement.DeleteStatement quixbugs/faulty_programs/FIND_IN_SORTED.java:103 | gin.edit.statement.ReplaceStatement quixbugs/faulty_programs/FIND_IN_SORTED.java:27 -> quixbugs/faulty_programs/FIND_IN_SORTED.java:103 | gin.edit.statement.ReplaceStatement quixbugs/faulty_programs/FIND_IN_SORTED.java:28 -> quixbugs/faulty_programs/FIND_IN_SORTED.java:104 | gin.edit.statement.SwapStatement quixbugs/faulty_programs/FIND_IN_SORTED.java:104 <-> quixbugs/faulty_programs/FIND_IN_SORTED.java:104 | gin.edit.statement.ReplaceStatement quixbugs/faulty_programs/FIND_IN_SORTED.java:28 -> quixbugs/faulty_programs/FIND_IN_SORTED.java:103 | gin.edit.modifynode.ReplaceExpression quixbugs/faulty_programs/FIND_IN_SORTED.java:29 -> quixbugs/faulty_programs/FIND_IN_SORTED.java:105 | gin.edit.statement.SwapStatement quixbugs/faulty_programs/FIND_IN_SORTED.java:103 <-> quixbugs/faulty_programs/FIND_IN_SORTED.java:104 | gin.edit.statement.DeleteStatement quixbugs/faulty_programs/FIND_IN_SORTED.java:104 |","true","false","1.56015","11.0","6.0"
"faulty_programs.FIND_IN_SORTED.faulty_programs.FIND_IN_SORTED.find_in_sorted(int[],int)","| gin.edit.statement.ReplaceStatement quixbugs/faulty_programs/FIND_IN_SORTED.java:27 -> quixbugs/faulty_programs/FIND_IN_SORTED.java:103 | gin.edit.modifynode.ReplaceExpression quixbugs/faulty_programs/FIND_IN_SORTED.java:52 -> quixbugs/faulty_programs/FIND_IN_SORTED.java:113 | gin.edit.statement.ReplaceStatement quixbugs/faulty_programs/FIND_IN_SORTED.java:28 -> quixbugs/faulty_programs/FIND_IN_SORTED.java:103 | gin.edit.statement.ReplaceStatement quixbugs/faulty_programs/FIND_IN_SORTED.java:28 -> quixbugs/faulty_programs/FIND_IN_SORTED.java:104 | gin.edit.modifynode.ReplaceExpression quixbugs/faulty_programs/FIND_IN_SORTED.java:81 -> quixbugs/faulty_programs/FIND_IN_SORTED.java:111 | gin.edit.statement.ReplaceStatement quixbugs/faulty_programs/FIND_IN_SORTED.java:28 -> quixbugs/faulty_programs/FIND_IN_SORTED.java:104 | gin.edit.statement.ReplaceStatement quixbugs/faulty_programs/FIND_IN_SORTED.java:27 -> quixbugs/faulty_programs/FIND_IN_SORTED.java:104 | gin.edit.statement.CopyStatement quixbugs/faulty_programs/FIND_IN_SORTED.java:89 -> quixbugs/faulty_programs/FIND_IN_SORTED.java:103:103 | gin.edit.modifynode.SwapExpression quixbugs/faulty_programs/FIND_IN_SORTED.java:107 <-> quixbugs/faulty_programs/FIND_IN_SORTED.java:109 |","true","false","1.67944","11.0","6.0"
"faulty_programs.FIND_IN_SORTED.faulty_programs.FIND_IN_SORTED.find_in_sorted(int[],int)","| gin.edit.statement.ReplaceStatement quixbugs/faulty_programs/FIND_IN_SORTED.java:21 -> quixbugs/faulty_programs/FIND_IN_SORTED.java:104 | gin.edit.statement.ReplaceStatement quixbugs/faulty_programs/FIND_IN_SORTED.java:27 -> quixbugs/faulty_programs/FIND_IN_SORTED.java:103 | gin.edit.statement.SwapStatement quixbugs/faulty_programs/FIND_IN_SORTED.java:104 <-> quixbugs/faulty_programs/FIND_IN_SORTED.java:104 | gin.edit.statement.ReplaceStatement quixbugs/faulty_programs/FIND_IN_SORTED.java:27 -> quixbugs/faulty_programs/FIND_IN_SORTED.java:103 | gin.edit.statement.SwapStatement quixbugs/faulty_programs/FIND_IN_SORTED.java:103 <-> quixbugs/faulty_programs/FIND_IN_SORTED.java:104 | gin.edit.statement.ReplaceStatement quixbugs/faulty_programs/FIND_IN_SORTED.java:27 -> quixbugs/faulty_programs/FIND_IN_SORTED.java:103 | gin.edit.modifynode.ReplaceExpression quixbugs/faulty_programs/FIND_IN_SORTED.java:52 -> quixbugs/faulty_programs/FIND_IN_SORTED.java:113 | gin.edit.statement.ReplaceStatement quixbugs/faulty_programs/FIND_IN_SORTED.java:28 -> quixbugs/faulty_programs/FIND_IN_SORTED.java:103 | gin.edit.statement.ReplaceStatement quixbugs/faulty_programs/FIND_IN_SORTED.java:28 -> quixbugs/faulty_programs/FIND_IN_SORTED.java:104 | gin.edit.modifynode.ReplaceExpression quixbugs/faulty_programs/FIND_IN_SORTED.java:81 -> quixbugs/faulty_programs/FIND_IN_SORTED.java:111 | gin.edit.statement.CopyStatement quixbugs/faulty_programs/FIND_IN_SORTED.java:89 -> quixbugs/faulty_programs/FIND_IN_SORTED.java:103:103 | gin.edit.statement.CopyStatement quixbugs/faulty_programs/FIND_IN_SORTED.java:77 -> quixbugs/faulty_programs/FIND_IN_SORTED.java:103:103 |","true","false","1.309368","11.0","6.0"
"faulty_programs.FIND_IN_SORTED.faulty_programs.FIND_IN_SORTED.find_in_sorted(int[],int)","| gin.edit.statement.ReplaceStatement quixbugs/faulty_programs/FIND_IN_SORTED.java:28 -> quixbugs/faulty_programs/FIND_IN_SORTED.java:103 | gin.edit.statement.ReplaceStatement quixbugs/faulty_programs/FIND_IN_SORTED.java:28 -> quixbugs/faulty_programs/FIND_IN_SORTED.java:104 | gin.edit.statement.ReplaceStatement quixbugs/faulty_programs/FIND_IN_SORTED.java:27 -> quixbugs/faulty_programs/FIND_IN_SORTED.java:104 | gin.edit.statement.SwapStatement quixbugs/faulty_programs/FIND_IN_SORTED.java:104 <-> quixbugs/faulty_programs/FIND_IN_SORTED.java:104 | gin.edit.statement.DeleteStatement quixbugs/faulty_programs/FIND_IN_SORTED.java:103 | gin.edit.statement.ReplaceStatement quixbugs/faulty_programs/FIND_IN_SORTED.java:28 -> quixbugs/faulty_programs/FIND_IN_SORTED.java:104 | gin.edit.modifynode.ReplaceExpression quixbugs/faulty_programs/FIND_IN_SORTED.java:29 -> quixbugs/faulty_programs/FIND_IN_SORTED.java:105 | gin.edit.statement.SwapStatement quixbugs/faulty_programs/FIND_IN_SORTED.java:103 <-> quixbugs/faulty_programs/FIND_IN_SORTED.java:104 | gin.edit.statement.ReplaceStatement quixbugs/faulty_programs/FIND_IN_SORTED.java:20 -> quixbugs/faulty_programs/FIND_IN_SORTED.java:104 |","false","false","0.0","0.0","-5.0"
"faulty_programs.FIND_IN_SORTED.faulty_programs.FIND_IN_SORTED.find_in_sorted(int[],int)","| gin.edit.modifynode.SwapExpression quixbugs/faulty_programs/FIND_IN_SORTED.java:105 <-> quixbugs/faulty_programs/FIND_IN_SORTED.java:113 | gin.edit.statement.DeleteStatement quixbugs/faulty_programs/FIND_IN_SORTED.java:104 | gin.edit.statement.ReplaceStatement quixbugs/faulty_programs/FIND_IN_SORTED.java:27 -> quixbugs/faulty_programs/FIND_IN_SORTED.java:103 | gin.edit.statement.ReplaceStatement quixbugs/faulty_programs/FIND_IN_SORTED.java:28 -> quixbugs/faulty_programs/FIND_IN_SORTED.java:103 | gin.edit.statement.SwapStatement quixbugs/faulty_programs/FIND_IN_SORTED.java:104 <-> quixbugs/faulty_programs/FIND_IN_SORTED.java:104 | gin.edit.statement.ReplaceStatement quixbugs/faulty_programs/FIND_IN_SORTED.java:20 -> quixbugs/faulty_programs/FIND_IN_SORTED.java:104 | gin.edit.statement.ReplaceStatement quixbugs/faulty_programs/FIND_IN_SORTED.java:21 -> quixbugs/faulty_programs/FIND_IN_SORTED.java:104 | gin.edit.statement.ReplaceStatement quixbugs/faulty_programs/FIND_IN_SORTED.java:27 -> quixbugs/faulty_programs/FIND_IN_SORTED.java:103 | gin.edit.modifynode.ReplaceExpression quixbugs/faulty_programs/FIND_IN_SORTED.java:52 -> quixbugs/faulty_programs/FIND_IN_SORTED.java:113 |","true","false","1.630731","11.0","6.0"
"faulty_programs.FIND_IN_SORTED.faulty_programs.FIND_IN_SORTED.find_in_sorted(int[],int)","| gin.edit.modifynode.ReplaceExpression quixbugs/faulty_programs/FIND_IN_SORTED.java:29 -> quixbugs/faulty_programs/FIND_IN_SORTED.java:105 | gin.edit.statement.SwapStatement quixbugs/faulty_programs/FIND_IN_SORTED.java:104 <-> quixbugs/faulty_programs/FIND_IN_SORTED.java:104 | gin.edit.modifynode.ReplaceExpression quixbugs/faulty_programs/FIND_IN_SORTED.java:52 -> quixbugs/faulty_programs/FIND_IN_SORTED.java:113 | gin.edit.statement.ReplaceStatement quixbugs/faulty_programs/FIND_IN_SORTED.java:27 -> quixbugs/faulty_programs/FIND_IN_SORTED.java:103 | gin.edit.statement.SwapStatement quixbugs/faulty_programs/FIND_IN_SORTED.java:104 <-> quixbugs/faulty_programs/FIND_IN_SORTED.java:104 | gin.edit.statement.ReplaceStatement quixbugs/faulty_programs/FIND_IN_SORTED.java:28 -> quixbugs/faulty_programs/FIND_IN_SORTED.java:104 | gin.edit.statement.ReplaceStatement quixbugs/faulty_programs/FIND_IN_SORTED.java:78 -> quixbugs/faulty_programs/FIND_IN_SORTED.java:103 | gin.edit.statement.ReplaceStatement quixbugs/faulty_programs/FIND_IN_SORTED.java:104 -> quixbugs/faulty_programs/FIND_IN_SORTED.java:104 |","true","false","1.593998","11.0","6.0"
"faulty_programs.FIND_IN_SORTED.faulty_programs.FIND_IN_SORTED.find_in_sorted(int[],int)","| gin.edit.modifynode.SwapExpression quixbugs/faulty_programs/FIND_IN_SORTED.java:105 <-> quixbugs/faulty_programs/FIND_IN_SORTED.java:113 | gin.edit.statement.DeleteStatement quixbugs/faulty_programs/FIND_IN_SORTED.java:104 | gin.edit.statement.ReplaceStatement quixbugs/faulty_programs/FIND_IN_SORTED.java:28 -> quixbugs/faulty_programs/FIND_IN_SORTED.java:103 | gin.edit.statement.SwapStatement quixbugs/faulty_programs/FIND_IN_SORTED.java:104 <-> quixbugs/faulty_programs/FIND_IN_SORTED.java:104 | gin.edit.statement.ReplaceStatement quixbugs/faulty_programs/FIND_IN_SORTED.java:20 -> quixbugs/faulty_programs/FIND_IN_SORTED.java:104 | gin.edit.statement.ReplaceStatement quixbugs/faulty_programs/FIND_IN_SORTED.java:27 -> quixbugs/faulty_programs/FIND_IN_SORTED.java:103 | gin.edit.statement.ReplaceStatement quixbugs/faulty_programs/FIND_IN_SORTED.java:27 -> quixbugs/faulty_programs/FIND_IN_SORTED.java:103 | gin.edit.statement.ReplaceStatement quixbugs/faulty_programs/FIND_IN_SORTED.java:28 -> quixbugs/faulty_programs/FIND_IN_SORTED.java:104 | gin.edit.statement.ReplaceStatement quixbugs/faulty_programs/FIND_IN_SORTED.java:78 -> quixbugs/faulty_programs/FIND_IN_SORTED.java:103 | gin.edit.statement.DeleteStatement quixbugs/faulty_programs/FIND_IN_SORTED.java:103 |","true","false","0.0","0.0","-5.0"
"faulty_programs.FIND_IN_SORTED.faulty_programs.FIND_IN_SORTED.find_in_sorted(int[],int)","| gin.edit.statement.SwapStatement quixbugs/faulty_programs/FIND_IN_SORTED.java:104 <-> quixbugs/faulty_programs/FIND_IN_SORTED.java:104 | gin.edit.statement.ReplaceStatement quixbugs/faulty_programs/FIND_IN_SORTED.java:27 -> quixbugs/faulty_programs/FIND_IN_SORTED.java:103 | gin.edit.statement.ReplaceStatement quixbugs/faulty_programs/FIND_IN_SORTED.java:28 -> quixbugs/faulty_programs/FIND_IN_SORTED.java:104 | gin.edit.statement.ReplaceStatement quixbugs/faulty_programs/FIND_IN_SORTED.java:78 -> quixbugs/faulty_programs/FIND_IN_SORTED.java:103 | gin.edit.statement.ReplaceStatement quixbugs/faulty_programs/FIND_IN_SORTED.java:27 -> quixbugs/faulty_programs/FIND_IN_SORTED.java:103 | gin.edit.statement.ReplaceStatement quixbugs/faulty_programs/FIND_IN_SORTED.java:28 -> quixbugs/faulty_programs/FIND_IN_SORTED.java:103 | gin.edit.statement.SwapStatement quixbugs/faulty_programs/FIND_IN_SORTED.java:104 <-> quixbugs/faulty_programs/FIND_IN_SORTED.java:104 | gin.edit.statement.ReplaceStatement quixbugs/faulty_programs/FIND_IN_SORTED.java:21 -> quixbugs/faulty_programs/FIND_IN_SORTED.java:104 | gin.edit.statement.ReplaceStatement quixbugs/faulty_programs/FIND_IN_SORTED.java:27 -> quixbugs/faulty_programs/FIND_IN_SORTED.java:103 | gin.edit.modifynode.ReplaceExpression quixbugs/faulty_programs/FIND_IN_SORTED.java:52 -> quixbugs/faulty_programs/FIND_IN_SORTED.java:113 | gin.edit.modifynode.SwapExpression quixbugs/faulty_programs/FIND_IN_SORTED.java:112 <-> quixbugs/faulty_programs/FIND_IN_SORTED.java:105 |","true","false","1.628292","11.0","6.0"
"faulty_programs.FIND_IN_SORTED.faulty_programs.FIND_IN_SORTED.find_in_sorted(int[],int)","| gin.edit.statement.SwapStatement quixbugs/faulty_programs/FIND_IN_SORTED.java:104 <-> quixbugs/faulty_programs/FIND_IN_SORTED.java:104 | gin.edit.modifynode.ReplaceExpression quixbugs/faulty_programs/FIND_IN_SORTED.java:52 -> quixbugs/faulty_programs/FIND_IN_SORTED.java:113 | gin.edit.statement.ReplaceStatement quixbugs/faulty_programs/FIND_IN_SORTED.java:28 -> quixbugs/faulty_programs/FIND_IN_SORTED.java:104 | gin.edit.modifynode.SwapExpression quixbugs/faulty_programs/FIND_IN_SORTED.java:111 <-> quixbugs/faulty_programs/FIND_IN_SORTED.java:111 | gin.edit.statement.SwapStatement quixbugs/faulty_programs/FIND_IN_SORTED.java:103 <-> quixbugs/faulty_programs/FIND_IN_SORTED.java:103 | gin.edit.statement.SwapStatement quixbugs/faulty_programs/FIND_IN_SORTED.java:103 <-> quixbugs/faulty_programs/FIND_IN_SORTED.java:103 | gin.edit.modifynode.ReplaceExpression quixbugs/faulty_programs/FIND_IN_SORTED.java:64 -> quixbugs/faulty_programs/FIND_IN_SORTED.java:112 | gin.edit.statement.ReplaceStatement quixbugs/faulty_programs/FIND_IN_SORTED.java:57 -> quixbugs/faulty_programs/FIND_IN_SORTED.java:103 |","true","false","0.0","0.0","-5.0"
"faulty_programs.FIND_IN_SORTED.faulty_programs.FIND_IN_SORTED.find_in_sorted(int[],int)","| gin.edit.statement.ReplaceStatement quixbugs/faulty_programs/FIND_IN_SORTED.java:27 -> quixbugs/faulty_programs/FIND_IN_SORTED.java:104 | gin.edit.statement.ReplaceStatement quixbugs/faulty_programs/FIND_IN_SORTED.java:28 -> quixbugs/faulty_programs/FIND_IN_SORTED.java:104 | gin.edit.statement.SwapStatement quixbugs/faulty_programs/FIND_IN_SORTED.java:104 <-> quixbugs/faulty_programs/FIND_IN_SORTED.java:103 | gin.edit.statement.ReplaceStatement quixbugs/faulty_programs/FIND_IN_SORTED.java:47 -> quixbugs/faulty_programs/FIND_IN_SORTED.java:104 | gin.edit.statement.SwapStatement quixbugs/faulty_programs/FIND_IN_SORTED.java:103 <-> quixbugs/faulty_programs/FIND_IN_SORTED.java:104 | gin.edit.statement.CopyStatement quixbugs/faulty_programs/FIND_IN_SORTED.java:104 -> quixbugs/faulty_programs/FIND_IN_SORTED.java:103:104 | gin.edit.statement.SwapStatement quixbugs/faulty_programs/FIND_IN_SORTED.java:103 <-> quixbugs/faulty_programs/FIND_IN_SORTED.java:104 | gin.edit.statement.CopyStatement quixbugs/faulty_programs/FIND_IN_SORTED.java:27 -> quixbugs/faulty_programs/FIND_IN_SORTED.java:103:104 |","true","false","1.480651","11.0","6.0"
"faulty_programs.FIND_IN_SORTED.faulty_programs.FIND_IN_SORTED.find_in_sorted(int[],int)","| gin.edit.statement.SwapStatement quixbugs/faulty_programs/FIND_IN_SORTED.java:103 <-> quixbugs/faulty_programs/FIND_IN_SORTED.java:103 | gin.edit.statement.ReplaceStatement quixbugs/faulty_programs/FIND_IN_SORTED.java:27 -> quixbugs/faulty_programs/FIND_IN_SORTED.java:104 | gin.edit.statement.SwapStatement quixbugs/faulty_programs/FIND_IN_SORTED.java:104 <-> quixbugs/faulty_programs/FIND_IN_SORTED.java:103 | gin.edit.statement.SwapStatement quixbugs/faulty_programs/FIND_IN_SORTED.java:103 <-> quixbugs/faulty_programs/FIND_IN_SORTED.java:104 | gin.edit.statement.CopyStatement quixbugs/faulty_programs/FIND_IN_SORTED.java:104 -> quixbugs/faulty_programs/FIND_IN_SORTED.java:103:104 | gin.edit.modifynode.SwapExpression quixbugs/faulty_programs/FIND_IN_SORTED.java:109 <-> quixbugs/faulty_programs/FIND_IN_SORTED.java:109 |","true","false","15.233671","11.0","6.0"
"faulty_programs.FIND_IN_SORTED.faulty_programs.FIND_IN_SORTED.find_in_sorted(int[],int)","| gin.edit.statement.SwapStatement quixbugs/faulty_programs/FIND_IN_SORTED.java:104 <-> quixbugs/faulty_programs/FIND_IN_SORTED.java:103 | gin.edit.statement.SwapStatement quixbugs/faulty_programs/FIND_IN_SORTED.java:103 <-> quixbugs/faulty_programs/FIND_IN_SORTED.java:104 | gin.edit.statement.CopyStatement quixbugs/faulty_programs/FIND_IN_SORTED.java:104 -> quixbugs/faulty_programs/FIND_IN_SORTED.java:103:104 | gin.edit.statement.SwapStatement quixbugs/faulty_programs/FIND_IN_SORTED.java:103 <-> quixbugs/faulty_programs/FIND_IN_SORTED.java:104 | gin.edit.modifynode.ReplaceExpression quixbugs/faulty_programs/FIND_IN_SORTED.java:52 -> quixbugs/faulty_programs/FIND_IN_SORTED.java:113 | gin.edit.statement.ReplaceStatement quixbugs/faulty_programs/FIND_IN_SORTED.java:28 -> quixbugs/faulty_programs/FIND_IN_SORTED.java:104 | gin.edit.modifynode.SwapExpression quixbugs/faulty_programs/FIND_IN_SORTED.java:111 <-> quixbugs/faulty_programs/FIND_IN_SORTED.java:111 | gin.edit.statement.SwapStatement quixbugs/faulty_programs/FIND_IN_SORTED.java:103 <-> quixbugs/faulty_programs/FIND_IN_SORTED.java:103 | gin.edit.statement.SwapStatement quixbugs/faulty_programs/FIND_IN_SORTED.java:103 <-> quixbugs/faulty_programs/FIND_IN_SORTED.java:103 | gin.edit.modifynode.ReplaceExpression quixbugs/faulty_programs/FIND_IN_SORTED.java:25 -> quixbugs/faulty_programs/FIND_IN_SORTED.java:107 |","false","false","0.0","0.0","-5.0"
